0.64695422817   0.3   1   0.07853403141361257   1   0
0.725034910881   0.4   0   0.07329842931937172   1   0
0.356940263818   0.2   0   0.02617801047120419   0   0
0.0557719162216   0.0   0   0.010471204188481676   0   0
0.0892350659545   0.0   0   0.020942408376963352   0   0
1.23813654012   0.7   0   0.09947643979057591   4   0
0.501947245994   0.2   0   0.05759162303664921   0   0
0.356940263818   0.1   0   0.041884816753926704   0   0
0.725034910881   0.3   0   0.07853403141361257   0   0
0.167315748665   0.0   0   0.02617801047120419   0   0
1.26044530661   0.6   0   0.1099476439790576   2   0
1.51699612123   0.3   0   0.17801047120418848   3   0
1.40545228878   0.4   0   0.17801047120418848   9   0
0.546564778971   0.2   0   0.05759162303664921   0   0
0.267705197864   0.0   0   0.041884816753926704   0   0
1.21582777363   0.6   0   0.08900523560209424   2   0
0.702726144392   0.3   0   0.07853403141361257   2   0
0.925813809278   0.3   0   0.08900523560209424   5   0
0.557719162216   0.1   0   0.08376963350785341   0   0
0.301168347597   0.1   0   0.03664921465968586   0   0
0.501947245994   0.2   0   0.06806282722513089   0   0
1.26044530661   0.6   0   0.13089005235602094   3   0
0.368094647062   0.1   0   0.05759162303664921   0   0
0.189624515153   0.1   0   0.02617801047120419   0   0
0.457329713017   0.1   0   0.04712041884816754   0   0
0.356940263818   0.2   0   0.031413612565445025   0   0
0.111543832443   0.1   0   0.010471204188481676   0   0
0.446175329773   0.0   0   0.06282722513089005   0   0
0.312322730841   0.0   0   0.04712041884816754   0   0
0.591182311949   0.0   0   0.07853403141361257   2   0
1.75123816936   0.4   0   0.16230366492146597   5   0
0.423866563284   0.1   0   0.06806282722513089   0   0
0.814269976835   0.2   0   0.10471204188481675   0   0
0.691571761148   0.1   0   0.09424083769633508   0   1.0
0.780806827102   0.2   0   0.09424083769633508   0   1.0
0.468484096261   0.1   0   0.05759162303664921   0   1.4249182927993989
0.301168347597   0.0   0   0.041884816753926704   0   2.2497360155569943
0.145006982176   0.0   1   0.020942408376963352   0   0