0.531079321396   0.4   1   0.07692307692307693   4   1.0   
0.439630713758   0.3   0   0.0641025641025641   0   1.6859943405700353   
0.161220508281   0.2   0   0.05982905982905983   1   2.063958813579262   
0.178155435621   0.2   0   0.042735042735042736   0   2.063958813579262   
0.0968677843873   0.1   0   0.021367521367521368   0   2.063958813579262   
0.622527929035   0.5   0   0.13247863247863248   0   2.67676806671048   
0.120576682664   0.1   0   0.0641025641025641   1   2.67676806671048   
0.504660834745   0.3   0   0.10683760683760683   1   3.3661155842950437   
0.545982057456   0.4   0   0.09829059829059829   4   4.029440542366124   
0.220154055426   0.3   0   0.042735042735042736   0   4.029440542366124   
0.304151295034   0.2   0   0.03418803418803419   0   4.84184438282972   
0.173413655966   0.2   0   0.07264957264957266   0   5.120496601237414   
0.156478728626   0.1   0   0.05982905982905983   0   5.120496601237414   
0.542595071988   0.2   0   0.08547008547008547   0   5.589538177219757   
0.300764309566   0.3   0   0.07692307692307693   1   6.103347480366361   
0.133447227443   0.0   0   0.06837606837606838   0   6.103347480366361   
0.289925956068   0.1   0   0.05128205128205128   0   6.766672438437442   
0.111770520447   0.1   0   0.04700854700854701   0   6.766672438437442   
0.189671186213   0.2   0   0.07264957264957266   3   7.045324656845136   
0.321763619468   0.2   0   0.021367521367521368   0   5.570648172190902   
0.319731428188   0.1   0   0.05982905982905983   2   6.168262476858098   
0.652333401154   0.3   0   0.0641025641025641   1   7.0721393844358325   
0.483661524843   0.2   0   0.11538461538461539   1   7.607618937037499   
0.330569781685   0.1   0   0.05555555555555555   2   8.021068052334861   
0.342762929371   0.2   0   0.03418803418803419   0   8.811637467376956   
0.355633474149   0.2   0   0.0641025641025641   0   9.196537646836706   
0.1273506536   0.0   0   0.0811965811965812   0   9.196537646836706   
0.113802711728   0.1   0   0.05128205128205128   2   9.196537646836706   
0.0419986198043   0.0   0   0.042735042735042736   0   9.196537646836706   
0.0467403994596   0.0   0   0.038461538461538464   0   9.196537646836706   
0.0792554599533   0.0   0   0.06837606837606838   0   9.196537646836706   
0.0697719006426   0.1   0   0.03418803418803419   1   9.196537646836706   
0.170704067592   0.2   0   0.07264957264957266   1   9.196537646836706   
0.0670623122682   0.0   0   0.05128205128205128   0   9.196537646836706   
0.0419986198043   0.0   0   0.02564102564102564   0   9.196537646836706   
0.0731588861107   0.0   0   0.05128205128205128   0   9.196537646836706   
0.161220508281   0.1   0   0.0811965811965812   3   9.196537646836706   
0.0792554599533   0.0   0   0.09401709401709402   6   9.196537646836706   
0.338021149715   0.1   0   0.08547008547008547   2   9.52987098017004   
0.278410205477   0.1   0   0.04700854700854701   0   9.979337555145536   
0.0250636924639   0.0   0   0.02564102564102564   0   9.979337555145536   
0.384761549175   0.3   0   0.05128205128205128   0   10.840000520969406   
0.0677397093618   0.1   0   0.029914529914529916   0   10.840000520969406   
0.130060241975   0.1   0   0.04700854700854701   0   10.840000520969406   
0.291280750256   0.1   0   0.04700854700854701   0   11.289467095944902   
0.0806102541405   0.1   0   0.021367521367521368   0   11.622800429278236   
0.289925956068   0.1   0   0.029914529914529916   0   12.467954684006752   
0.0291280750256   0.0   0   0.021367521367521368   0   12.467954684006752   
0.316344442719   0.1   0   0.0641025641025641   0   12.852854863466503   
0   0.0   0   0.0   0   12.852854863466503   
0   0.0   0   0.0   0   12.852854863466503   
0.0474177965532   0.0   0   0.029914529914529916   0   12.852854863466503   
0.0359020459617   0.0   0   0.029914529914529916   0   12.852854863466503   
0.21338008449   0.2   0   0.09401709401709402   0   12.852854863466503   
0.249282130451   0.1   0   0.1282051282051282   1   12.852854863466503   
0.104996549511   0.1   0   0.04700854700854701   1   12.852854863466503   
0.0304828692128   0.0   0   0.017094017094017096   0   12.852854863466503   
0.0677397093618   0.0   0   0.05555555555555555   2   12.852854863466503   
0.0440308110852   0.0   0   0.038461538461538464   0   12.852854863466503   
0.0955129902001   0.0   0   0.05982905982905983   1   12.852854863466503   
0.0934807989192   0.1   0   0.042735042735042736   1   12.852854863466503   
0.144962978034   0.0   0   0.07692307692307693   0   12.852854863466503   
0.0948355931065   0.0   0   0.07264957264957266   1   12.852854863466503   
0.259443086856   0.1   0   0.02564102564102564   0   13.461435482916688   
0.0575787529575   0.0   0   0.05982905982905983   0   13.461435482916688   
0.107028740792   0.0   0   0.05555555555555555   0   13.461435482916688   
0.115157505915   0.0   0   0.08547008547008547   0   13.461435482916688   
0.159865714094   0.1   0   0.08547008547008547   0   13.461435482916688   
0.117867094289   0.0   0   0.08547008547008547   0   13.461435482916688   
0.221508849613   0.1   0   0.11965811965811966   3   13.461435482916688   
0.0873842250767   0.1   0   0.021367521367521368   0   13.461435482916688   
0.097545181481   0.0   0   0.07264957264957266   0   13.461435482916688   
0.0596109442384   0.0   0   0.05128205128205128   0   13.676601224372657   
0.16663968503   0.0   0   0.09829059829059829   0   13.676601224372657   
0.115157505915   0.1   0   0.05982905982905983   1   13.676601224372657   
0.0995773727618   0.1   0   0.03418803418803419   0   13.940124362720022   
0.16663968503   0.1   0   0.09401709401709402   0   14.099034794260954   
0.0386116343362   0.0   0   0.029914529914529916   0   14.099034794260954   
0   0.0   0   0.0   0   14.099034794260954   
0   0.0   0   0.0   0   14.099034794260954   
0.0494499878341   0.0   0   0.038461538461538464   0   14.099034794260954   
0.0704492977362   0.0   0   0.07264957264957266   4   14.099034794260954   
0.115157505915   0.1   0   0.07264957264957266   1   14.099034794260954   
0.0704492977362   0.1   0   0.04700854700854701   2   14.099034794260954   
0.118544491383   0.1   0   0.0641025641025641   1   14.099034794260954   
0.097545181481   0.0   0   0.07264957264957266   0   14.099034794260954   
0.34073073809   0.1   0   0.06837606837606838   0   14.450398978724106   
0.323118413656   0.1   0   0.06837606837606838   0   14.801763163187259   
0.109738329166   0.1   0   0.05982905982905983   0   14.801763163187259   
0.283829382226   0.1   0   0.029914529914529916   0   15.365199333006268   
0.309570471783   0.1   0   0.08547008547008547   0   15.683020196088131   
0.097545181481   0.1   0   0.042735042735042736   0   15.683020196088131   
0.281797190945   0.1   0   0.038461538461538464   2   16.179924191088084   
0.285861573507   0.1   0   0.04700854700854701   0   16.62939076606358   
0.587303280167   0.2   0   0.05555555555555555   0   17.39919112498308   
0.270281440353   0.1   0   0.038461538461538464   0   17.89609511998303   
0.335988958434   0.2   0   0.05128205128205128   0   18.541592344350935   
0.0731588861107   0.0   0   0.029914529914529916   0   18.541592344350935   
0.296022529911   0.1   0   0.038461538461538464   0   19.038496339350885   
0.100932166949   0.0   0   0.0641025641025641   0   19.038496339350885   
0.0785780628597   0.0   0   0.05982905982905983   0   19.038496339350885   
0.0799328570469   0.0   0   0.0641025641025641   1   19.23094642908076   
0.274345822915   0.1   0   0.042735042735042736   0   19.702350949871793   
0.0494499878341   0.0   0   0.03418803418803419   0   19.702350949871793   
0.390180725924   0.2   0   0.0641025641025641   1   20.063901712902886   
0.0514821791149   0.0   0   0.05128205128205128   0   20.063901712902886   
0.148349963502   0.2   0   0.0641025641025641   0   20.063901712902886   
0.319731428188   0.4   0   0.08547008547008547   1   20.23056837956955   
0.433534139915   0.3   0   0.0641025641025641   2   20.807918648759177   
0.217444467051   0.2   0   0.05555555555555555   1   20.807918648759177   
0.455210846911   0.3   0   0.0641025641025641   0   21.577719007678677   
0.405083461983   0.2   0   0.042735042735042736   0   22.438381973502548   
0.171381464685   0.2   0   0.0641025641025641   0   22.438381973502548   
0.349536900307   0.3   0   0.03418803418803419   0   23.228951388544644   
0.34818210612   0.4   0   0.07692307692307693   0   23.395618055211308   
0.377987578239   0.3   0   0.038461538461538464   0   23.89252205021126   
0.0907712105448   0.1   0   0.03418803418803419   0   23.89252205021126   
0.097545181481   0.1   0   0.029914529914529916   0   23.89252205021126   
0.0406438256171   0.0   0   0.04700854700854701   0   23.89252205021126   
0.0846746367022   0.1   0   0.038461538461538464   0   23.89252205021126   
0.322441016562   0.2   0   0.04700854700854701   0   24.341988625186755   
0.140221198379   0.2   0   0.029914529914529916   0   24.62370671009626   
0.270281440353   0.1   0   0.042735042735042736   0   25.095111230887294   
0.302119103754   0.1   0   0.05128205128205128   0   25.493520767332093   
0.46808139169   0.4   0   0.07264957264957266   0   26.035846911878732   
0.407115653264   0.3   0   0.05982905982905983   0   26.63346121654593   
0.107028740792   0.2   0   0.042735042735042736   0   26.63346121654593   
0.16663968503   0.2   0   0.05555555555555555   0   26.84018577419461   
0.338021149715   0.4   0   0.06837606837606838   1   27.19154995865776   
0.335988958434   0.2   0   0.0641025641025641   1   27.576450138117508   
0.105673946604   0.0   0   0.0641025641025641   0   27.576450138117508   
0.363084842179   0.2   0   0.05982905982905983   1   28.174064442784704   
0.133447227443   0.2   0   0.05128205128205128   0   28.174064442784704   
0.321086222375   0.2   0   0.02564102564102564   0   29.086935371959985   
0.0209993099022   0.0   0   0.029914529914529916   0   29.086935371959985   
0.309570471783   0.1   0   0.10256410256410256   0   29.379288045062324   
0.306860883409   0.1   0   0.05982905982905983   0   29.777697581507123   
0.0785780628597   0.1   0   0.029914529914529916   0   30.05941566641663   
0.377310181145   0.3   0   0.038461538461538464   0   30.80477165891656   
0.176123244341   0.2   0   0.05555555555555555   1   31.011496216565238   
0.427437566073   0.2   0   0.08974358974358974   1   31.32233115264534   
0.143608183847   0.2   0   0.03418803418803419   0   31.585854290992707   
0.246572542077   0.3   0   0.09829059829059829   0   31.89668922707281   
0.197799951336   0.2   0   0.05982905982905983   0   32.08302822519779   
0.573755338294   0.4   0   0.1111111111111111   0   32.594338217762704   
0.291280750256   0.1   0   0.03418803418803419   0   33.12138449445744   
0.124641065226   0.1   0   0.05982905982905983   1   33.12138449445744   
0.30144170666   0.2   0   0.03418803418803419   0   33.648430771152164   
0.53175671849   0.3   0   0.0641025641025641   0   34.29903081978452   
0.169349273404   0.2   0   0.042735042735042736   0   34.29903081978452   
0.373923195677   0.2   0   0.05982905982905983   0   34.697440356229315   
0.0494499878341   0.0   0   0.042735042735042736   0   34.697440356229315   
0.400341682328   0.2   0   0.07692307692307693   0   35.048804540692466   
0.482984127749   0.4   0   0.05555555555555555   1   35.626154809882095   
0.165284890843   0.2   0   0.042735042735042736   0   35.86185707027761   
0.472823171345   0.4   0   0.07264957264957266   1   36.54584263833438   
0.292635544443   0.1   0   0.03418803418803419   0   37.07288891502911   
0.192380774587   0.3   0   0.07692307692307693   0   37.248571007260686   
0.366471827647   0.2   0   0.0641025641025641   1   37.633471186720435   
0.463339612035   0.3   0   0.07264957264957266   1   37.97546397074882   
0.334634164247   0.2   0   0.04700854700854701   1   38.424930545724315   
0.133447227443   0.2   0   0.038461538461538464   0   38.67338254322429   
0.358343062524   0.3   0   0.0641025641025641   0   39.16133257969856   
0.0988999756682   0.1   0   0.05555555555555555   0   39.16133257969856   
0.403051270703   0.3   0   0.05982905982905983   0   39.75894688436576   
0.529047130115   0.4   0   0.07264957264957266   3   40.271936060408336   
0.180865023996   0.3   0   0.05555555555555555   0   40.47866061805701   
0.34818210612   0.2   0   0.05555555555555555   1   40.892109733354374   
0.381374563707   0.3   0   0.05982905982905983   1   41.29051926979917   
0.400341682328   0.1   0   0.06837606837606838   0   41.64188345426232   
0.453856052724   0.4   0   0.05555555555555555   1   42.05533256955969   
0.3820519608   0.2   0   0.05982905982905983   1   42.42801056580965   
0.455210846911   0.3   0   0.0641025641025641   0   43.00536083499927   
0.416599212575   0.2   0   0.0811965811965812   2   43.31619577107938   
0.377310181145   0.2   0   0.0811965811965812   1   43.64149579539556   
0   0.0   0   0.0   0   43.64149579539556   
0   0.0   0   0.0   0   43.64149579539556   
0.0575787529575   0.0   0   0.04700854700854701   0   43.64149579539556   
0.0934807989192   0.1   0   0.05555555555555555   0   43.64149579539556   
0.323795810749   0.2   0   0.03418803418803419   0   44.16854207209028   
0.386793740456   0.3   0   0.06837606837606838   0   44.72755906646523   
0.30144170666   0.1   0   0.04700854700854701   1   45.17702564144073   
0.123963668132   0.2   0   0.05128205128205128   0   45.37623040966313   
0.116512300102   0.1   0   0.07692307692307693   0   45.53514084120406   
0.259443086856   0.1   0   0.02564102564102564   0   46.14372146065425   
0.314312251439   0.2   0   0.042735042735042736   0   46.61512598144528   
0.0792554599533   0.1   0   0.042735042735042736   1   46.61512598144528   
0.292635544443   0.1   0   0.05555555555555555   0   47.02857509674264   
0.348859503213   0.1   0   0.07692307692307693   0   47.36190843007597   
0.046063002366   0.0   0   0.04700854700854701   0   47.36190843007597   
0.296699927005   0.1   0   0.038461538461538464   0   47.858812425075925   
0.120576682664   0.0   0   0.08974358974358974   1   47.858812425075925   
0.126673256507   0.2   0   0.05555555555555555   0   47.858812425075925   
0.410502638732   0.3   0   0.05555555555555555   1   48.272261540373286   
0.152414346064   0.1   0   0.06837606837606838   0   48.45860053849827   
0.147672566409   0.1   0   0.0641025641025641   0   48.65105062822815   
0.602206016226   0.2   0   0.10256410256410256   0   48.899502625728125   
0.216767069958   0.2   0   0.05982905982905983   0   49.09870739395053   
0.152414346064   0.2   0   0.038461538461538464   0   49.09870739395053   
0.322441016562   0.3   0   0.08547008547008547   0   49.2653740606172   
0.354956077056   0.3   0   0.029914529914529916   1   49.82881023043621   
0.0433534139915   0.0   0   0.02564102564102564   1   49.82881023043621   
0.406438256171   0.2   0   0.0641025641025641   1   50.37113637498285   
0.0569013558639   0.0   0   0.04700854700854701   1   50.37113637498285   
0.0982225785746   0.1   0   0.05982905982905983   4   50.37113637498285   
0.552078631298   0.5   0   0.07692307692307693   1   50.84786766960564   
0.205251319366   0.2   0   0.05128205128205128   0   51.04707243782804   
0.433534139915   0.4   0   0.07264957264957266   1   51.40862320085914   
0.179510229809   0.0   0   0.0811965811965812   0   51.40862320085914   
0.156478728626   0.2   0   0.07692307692307693   0   51.57528986752581   
0.155123934438   0.1   0   0.08974358974358974   1   51.73070733556586   
0.375277989864   0.3   0   0.03418803418803419   0   52.52127675060796   
0.428114963166   0.3   0   0.10256410256410256   0   52.82556706033305   
0.506693026026   0.2   0   0.09829059829059829   0   53.25589854324498   
0.489758098686   0.1   0   0.15384615384615385   1   53.91527901664077   
0.429469757354   0.4   0   0.04700854700854701   1   54.58947887910401   
0.0704492977362   0.1   0   0.03418803418803419   0   54.58947887910401   
0.0270958837447   0.0   0   0.03418803418803419   0   54.58947887910401   
0.100254769855   0.0   0   0.05982905982905983   0   54.58947887910401   
0.373245798583   0.3   0   0.05982905982905983   0   54.96215687535397   
0.134124624536   0.2   0   0.04700854700854701   0   55.18689016284172   
0.419986198043   0.2   0   0.0641025641025641   0   55.76424043203134   
0.281119793851   0.1   0   0.05128205128205128   0   56.16264996847615   
0.137511610004   0.0   0   0.07692307692307693   0   56.16264996847615   
0.503306040558   0.3   0   0.08974358974358974   0   56.44953762375077   
0.114480108821   0.1   0   0.05128205128205128   0   56.66470336520674   
0.0629979297065   0.0   0   0.06837606837606838   1   56.66470336520674   
0.373923195677   0.1   0   0.06837606837606838   0   57.0373813614567   
0.323795810749   0.1   0   0.029914529914529916   0   57.600817531275716   
0.307538280502   0.1   0   0.04700854700854701   2   58.050284106251205   
0.0663849151745   0.1   0   0.02564102564102564   2   58.050284106251205   
0.109060932072   0.1   0   0.038461538461538464   1   58.050284106251205   
0.528369733022   0.3   0   0.14102564102564102   0   58.42824857926044   
0.123963668132   0.1   0   0.04700854700854701   0   58.42824857926044   
0.324473207843   0.1   0   0.05982905982905983   1   58.82665811570524   
0.36511703346   0.3   0   0.038461538461538464   0   59.3235621107052   
0.298732118285   0.1   0   0.05128205128205128   0   59.75389359361713   
0.151059551877   0.2   0   0.03418803418803419   0   59.75389359361713   
0.283829382226   0.1   0   0.02564102564102564   0   60.36247421306732   
0.218121864145   0.3   0   0.06837606837606838   0   60.548813211192304   
0.0582561500511   0.1   0   0.017094017094017096   1   60.548813211192304   
0.259443086856   0.3   0   0.06837606837606838   0   60.73515220931729   
0.169349273404   0.2   0   0.029914529914529916   0   61.298588379136305   
0.543272469081   0.4   0   0.10256410256410256   1   61.6028786888614   
0.419986198043   0.1   0   0.09829059829059829   0   61.9137136249415   
0.0928034018256   0.2   0   0.01282051282051282   0   62.34404510785343   
0.0765458715788   0.1   0   0.03418803418803419   2   62.34404510785343   
0.237088982766   0.3   0   0.05128205128205128   2   62.55921084930941   
0.107028740792   0.1   0   0.029914529914529916   0   62.840928934218915   
0.297377324098   0.1   0   0.03418803418803419   1   63.36797521091364   
0.0968677843873   0.0   0   0.08547008547008547   4   63.36797521091364   
0.0846746367022   0.1   0   0.021367521367521368   0   63.701308544246984   
0.197799951336   0.2   0   0.05982905982905983   2   63.701308544246984   
0.318376634   0.1   0   0.05555555555555555   0   64.08620872370673   
0.112447917541   0.1   0   0.05128205128205128   0   64.30137446516271   
0.108383534979   0.1   0   0.04700854700854701   0   64.30137446516271   
0.529047130115   0.2   0   0.11538461538461539   0   64.67933893817194   
0.377987578239   0.3   0   0.07692307692307693   0   65.0307031226351   
0.414567021294   0.3   0   0.05982905982905983   0   65.62831742730229   
0.117867094289   0.1   0   0.04700854700854701   0   66.07778400227778   
0.0697719006426   0.1   0   0.05128205128205128   0   66.07778400227778   
0.35766566543   0.3   0   0.05128205128205128   0   66.72328122664568   
0.332601972966   0.2   0   0.03418803418803419   0   67.51385064168777   
0.310247868877   0.2   0   0.029914529914529916   1   68.3590048964163   
0.196445157149   0.2   0   0.05128205128205128   0   68.57417063787227   
0.426760168979   0.3   0   0.0641025641025641   0   69.1515209070619   
0.461984817847   0.3   0   0.05555555555555555   0   70.11377135571126   
0.114480108821   0.0   0   0.06837606837606838   0   70.11377135571126   
0.306860883409   0.1   0   0.042735042735042736   0   70.5851758765023   
0.353601282868   0.2   0   0.07264957264957266   0   70.9467266395334   
0.446404684694   0.2   0   0.11538461538461539   2   71.233614294808   
0.352246488681   0.2   0   0.05982905982905983   2   71.63202383125281   
0.134124624536   0.1   0   0.0811965811965812   0   71.80302022326701   
0.334634164247   0.1   0   0.05128205128205128   0   72.23335170617894   
0.39695469686   0.1   0   0.1111111111111111   2   72.5257043792813   
0.395599902673   0.1   0   0.07692307692307693   3   72.87706856374444   
0.459275229473   0.2   0   0.10256410256410256   0   73.31559757339795   
0.330569781685   0.1   0   0.038461538461538464   0   73.81250156839792   
0.339375943902   0.1   0   0.04700854700854701   2   74.48670143086116   
0.265539660698   0.1   0   0.029914529914529916   0   75.05013760068017   
0.300086912473   0.1   0   0.0641025641025641   0   75.41168836371126   
0.567658764452   0.1   0   0.06837606837606838   0   76.24502169704458   
0.542595071988   0.1   0   0.05555555555555555   0   77.20727214569396   
0.342085532277   0.2   0   0.05982905982905983   1   77.60568168213877   
0.320408825281   0.2   0   0.038461538461538464   0   78.10258567713872   
0.298732118285   0.1   0   0.07264957264957266   1   78.46413644016981   
0.344795120651   0.3   0   0.029914529914529916   1   79.02757260998882   
0.268249249073   0.2   0   0.14102564102564102   0   79.1501083803378   
0.351569091588   0.1   0   0.05982905982905983   0   79.52278637658776   
0.342085532277   0.2   0   0.042735042735042736   1   79.99419089737879   
0.407115653264   0.3   0   0.06837606837606838   0   80.36686889362875   
0.330569781685   0.2   0   0.0641025641025641   1   80.75176907308851   
0.94361415141   0.3   0   0.1111111111111111   0   81.51873406193587   
0.256733498481   0.1   0   0.021367521367521368   0   82.08217023175489   
0.515499188243   0.4   0   0.10683760683760683   1   82.36905788702951   
0.0149027360596   0.0   0   0.017094017094017096   0   82.36905788702951   
0.4457272876   0.2   0   0.06837606837606838   0   82.70239122036284   
0.430147154447   0.3   0   0.0641025641025641   0   83.0872913998226   
0.409147844545   0.4   0   0.04700854700854701   0   83.53675797479809   
0.481629333562   0.4   0   0.05128205128205128   0   84.13437227946528   
0.0467403994596   0.0   0   0.03418803418803419   0   84.13437227946528   
0.463339612035   0.2   0   0.0811965811965812   0   84.44520721554538   
0.143608183847   0.1   0   0.05128205128205128   0   84.44520721554538   
0.464694406222   0.3   0   0.1111111111111111   1   84.71737274252129   
0.16663968503   0.2   0   0.06837606837606838   0   84.90371174064627   
0.355633474149   0.3   0   0.04700854700854701   2   85.35317831562176   
0.294667735724   0.1   0   0.03418803418803419   0   86.14374773066386   
0.296699927005   0.1   0   0.03418803418803419   0   86.67079400735858   
0.402373873609   0.1   0   0.1282051282051282   5   86.91924600485856   
0.145640375128   0.1   0   0.07264957264957266   2   86.91924600485856   
0.229637614736   0.1   0   0.1111111111111111   0   86.91924600485856   
0.38950332883   0.1   0   0.10256410256410256   1   87.21159867796091   
0.102286961136   0.1   0   0.04700854700854701   0   87.21159867796091   
0.0582561500511   0.1   0   0.038461538461538464   0   87.21159867796091   
0.184252009464   0.2   0   0.05128205128205128   0   87.42676441941688   
0.380697166613   0.2   0   0.05982905982905983   2   87.82517395586169   
0.304828692128   0.1   0   0.042735042735042736   0   88.29657847665271   
0.607625192975   0.5   0   0.08547008547008547   1   88.75301394124035   
0.447082081788   0.2   0   0.09401709401709402   0   89.05730425096544   
0.314312251439   0.1   0   0.07264957264957266   2   89.41885501399653   
0.216767069958   0.2   0   0.05982905982905983   0   89.81726455044134   
0.226250629268   0.1   0   0.0811965811965812   2   89.81726455044134   
0.347504709026   0.1   0   0.08974358974358974   2   90.14256457475751   
0.0684171064554   0.0   0   0.07264957264957266   0   90.14256457475751   
0.371891004396   0.3   0   0.04700854700854701   0   90.592031149733   
0   0.0   0   0.0   0   90.592031149733   
0   0.0   0   0.0   0   90.592031149733   
0.196445157149   0.2   0   0.07692307692307693   0   90.592031149733   
0.583238897605   0.1   0   0.13675213675213677   5   91.23116864043915   
0.361052650898   0.2   0   0.06837606837606838   0   91.93389700936545   
0.0311602663064   0.0   0   0.02564102564102564   1   91.93389700936545   
0.279087602571   0.1   0   0.05555555555555555   0   92.55407068231149   
0.060288341332   0.1   0   0.029914529914529916   0   92.55407068231149   
0.278410205477   0.1   0   0.04700854700854701   0   93.00353725728698   
0.106351343698   0.0   0   0.0811965811965812   0   93.00353725728698   
0.0704492977362   0.0   0   0.029914529914529916   0   93.00353725728698   
0.11041572626   0.0   0   0.07692307692307693   0   93.00353725728698   
0.253346513013   0.1   0   0.017094017094017096   0   93.74889324978692   
0.097545181481   0.0   0   0.0811965811965812   0   93.911543261945   
0.303473897941   0.1   0   0.07692307692307693   0   94.24487659527834   
0.107706137885   0.1   0   0.05555555555555555   1   94.4373266850082   
0.273668425822   0.2   0   0.07692307692307693   0   94.914057979631   
0.207283510647   0.2   0   0.0641025641025641   0   95.10650806936087   
0.104319152417   0.1   0   0.05555555555555555   0   95.10650806936087   
0.0392890314298   0.0   0   0.029914529914529916   0   95.10650806936087   
0.352246488681   0.2   0   0.03418803418803419   0   91.22595574130908   
0.137511610004   0.1   0   0.03418803418803419   0   91.47595574130908   
0.130060241975   0.1   0   0.038461538461538464   0   91.71165800170459   
0.105673946604   0.1   0   0.08974358974358974   0   91.71165800170459   
0.14225338966   0.2   0   0.038461538461538464   0   91.9473602621001   
0.054869164583   0.0   0   0.038461538461538464   0   92.18306252249563   
0.136156815817   0.1   0   0.04700854700854701   2   92.39626323885125   
0.512112202775   0.2   0   0.07264957264957266   0   93.01347663869961   
0.0392890314298   0.0   0   0.02564102564102564   0   93.30215177329443   
0.325150604937   0.2   0   0.038461538461538464   0   94.00925855448097   
0.0304828692128   0.0   0   0.042735042735042736   2   94.00925855448097   
0.340053340996   0.2   0   0.0641025641025641   1   94.37440692615108   
0.278410205477   0.1   0   0.05982905982905983   0   94.94135363566492   
0.0392890314298   0.0   0   0.042735042735042736   2   94.94135363566492   
0.304151295034   0.1   0   0.07692307692307693   2   95.41569528469017   
0.26960404326   0.1   0   0.02564102564102564   0   95.99304555387981   
0.0521595762086   0.1   0   0.021367521367521368   0   96.30927331989665   
0.0514821791149   0.0   0   0.042735042735042736   0   96.30927331989665   
0.0636753268001   0.0   0   0.042735042735042736   0   96.30927331989665   
0.104319152417   0.0   0   0.05555555555555555   0   96.30927331989665   
0.0569013558639   0.0   0   0.05128205128205128   0   96.30927331989665   
0.30889307469   0.1   0   0.05982905982905983   1   96.66282671048992   
0.0569013558639   0.0   0   0.02564102564102564   0   96.66282671048992   
0.0792554599533   0.0   0   0.042735042735042736   0   96.66282671048992   
0   0.0   0   0.0   0   96.66282671048992   
0   0.0   0   0.0   0   96.66282671048992   
0.108383534979   0.1   0   0.03418803418803419   0   96.8864335082399   
0.0311602663064   0.0   0   0.017094017094017096   0   96.8864335082399   
0.0528369733022   0.0   0   0.021367521367521368   0   96.8864335082399   
0.0535143703958   0.1   0   0.017094017094017096   0   96.8864335082399   
0.323118413656   0.1   0   0.06837606837606838   0   97.23998689883318   
0.097545181481   0.1   0   0.029914529914529916   0   97.23998689883318   
0.267571851979   0.3   0   0.07264957264957266   0   97.41148548397568   
0.32582800203   0.1   0   0.05128205128205128   0   97.78944995698492   
0.0751910773916   0.1   0   0.03418803418803419   0   97.78944995698492   
0.45317865563   0.1   0   0.13675213675213677   0   98.03198558202125   
0.0968677843873   0.1   0   0.03418803418803419   0   98.03198558202125   
0.323118413656   0.1   0   0.05128205128205128   0   98.44023387248511   
0.113802711728   0.1   0   0.042735042735042736   1   98.44023387248511   
0.0379342372426   0.0   0   0.029914529914529916   0   98.44023387248511   
0.111093123353   0.1   0   0.05555555555555555   1   98.63635000762329   
0.38950332883   0.2   0   0.10256410256410256   0   98.91370010573591   
0.508725217307   0.1   0   0.04700854700854701   0   99.69816464628863   
0.280442396758   0.1   0   0.042735042735042736   0   100.14537824178859   
0.193735568775   0.1   0   0.14957264957264957   4   100.26490110272204   
0.146317772221   0.1   0   0.07264957264957266   0   100.26490110272204   
0.325150604937   0.1   0   0.06837606837606838   0   100.61845449331533   
0.077900665766   0.0   0   0.06837606837606838   0   100.78512115998198   
0.32582800203   0.2   0   0.06837606837606838   0   101.11845449331531   
0.281119793851   0.1   0   0.042735042735042736   0   101.56566808881527   
0.319731428188   0.1   0   0.06837606837606838   0   101.91922147940855   
0.168671876311   0.1   0   0.07692307692307693   2   102.08588814607522   
0.216767069958   0.1   0   0.09401709401709402   1   102.38739949065298   
0.366471827647   0.2   0   0.05555555555555555   1   102.97574789606753   
0.317021839813   0.1   0   0.05128205128205128   1   103.30908122940086   
0.097545181481   0.2   0   0.029914529914529916   0   103.57634247131328   
0.338021149715   0.1   0   0.0641025641025641   0   103.94149084298338   
0.046063002366   0.0   0   0.021367521367521368   0   103.94149084298338   
0.359020459617   0.2   0   0.038461538461538464   0   104.41289536377442   
0.0724814890171   0.1   0   0.017094017094017096   0   104.41289536377442   
0.314989648532   0.2   0   0.04700854700854701   0   104.83929679648566   
0.37256840149   0.2   0   0.07264957264957266   2   105.35379255191317   
0.327182796217   0.2   0   0.042735042735042736   0   105.80100614741313   
0.287893764788   0.1   0   0.04700854700854701   0   106.22740758012435   
0.302119103754   0.2   0   0.029914529914529916   0   106.76193006394921   
0.282474588039   0.1   0   0.03418803418803419   0   107.2619300639492   
0.0792554599533   0.1   0   0.029914529914529916   0   107.2619300639492   
0.150382154783   0.2   0   0.03418803418803419   0   107.51193006394921   
0.401696476515   0.2   0   0.09829059829059829   0   107.806813976259   
0.304828692128   0.1   0   0.05128205128205128   0   108.21506226672287   
0.284506779319   0.1   0   0.038461538461538464   0   108.68646678751391   
0.300086912473   0.1   0   0.029914529914529916   0   109.22098927133875   
0.0982225785746   0.1   0   0.029914529914529916   0   109.22098927133875   
0.275023220009   0.1   0   0.02564102564102564   0   109.79833954052839   
0.38001976952   0.2   0   0.08547008547008547   0   110.25060655739503   
0.155123934438   0.0   0   0.08974358974358974   0   110.25060655739503   
0.0569013558639   0.0   0   0.03418803418803419   0   110.25060655739503   
0.100932166949   0.0   0   0.06837606837606838   0   110.25060655739503   
0.268249249073   0.1   0   0.038461538461538464   0   110.72201107818606   
0.0284506779319   0.0   0   0.038461538461538464   0   110.72201107818606   
0.0399664285234   0.0   0   0.02564102564102564   0   110.72201107818606   
0.114480108821   0.0   0   0.0641025641025641   0   110.72201107818606   
0.0562239587703   0.0   0   0.038461538461538464   0   110.72201107818606   
0.109060932072   0.0   0   0.05982905982905983   0   110.72201107818606   
0.356988268337   0.2   0   0.04700854700854701   0   111.14841251089729   
0.26215267523   0.1   0   0.029914529914529916   0   111.68293499472215   
0.36511703346   0.2   0   0.06837606837606838   1   112.01626832805546   
0.0961903872937   0.0   0   0.0641025641025641   0   112.01626832805546   
0.0589335471447   0.0   0   0.042735042735042736   0   112.01626832805546   
0.197122554243   0.3   0   0.042735042735042736   0   112.46348192355542   
0.361052650898   0.2   0   0.04700854700854701   0   113.10308407262225   
0.316344442719   0.2   0   0.05128205128205128   0   113.51133236308613   
0.192380774587   0.2   0   0.0811965811965812   0   113.51133236308613   
0.332601972966   0.1   0   0.04700854700854701   0   113.93773379579736   
0.0704492977362   0.0   0   0.05982905982905983   0   113.93773379579736   
0.410502638732   0.2   0   0.06837606837606838   0   114.27106712913069   
0   0.0   0   0.0   0   114.27106712913069   
0   0.0   0   0.0   0   114.27106712913069   
0.150382154783   0.1   0   0.05555555555555555   0   114.46718326426887   
0.291958147349   0.1   0   0.05128205128205128   0   114.87543155473274   
0.164607493749   0.2   0   0.05555555555555555   1   114.87543155473274   
0.0582561500511   0.0   0   0.04700854700854701   0   114.87543155473274   
0   0.0   0   0.0   0   114.87543155473274   
0   0.0   0   0.0   0   114.87543155473274   
0.0155801331532   0.0   0   0.02564102564102564   0   114.87543155473274   
0.0447082081788   0.0   0   0.05128205128205128   0   114.87543155473274   
0.329892384592   0.1   0   0.08974358974358974   0   115.18403825465693   
0.108383534979   0.1   0   0.04700854700854701   1   115.18403825465693   
0.0338698546809   0.0   0   0.017094017094017096   0   115.18403825465693   
0.0182897215277   0.0   0   0.021367521367521368   0   115.18403825465693   
0.0121931476851   0.0   0   0.017094017094017096   0   115.18403825465693   
0   0.0   0   0.0   0   115.18403825465693   
0   0.0   0   0.0   0   115.18403825465693   
0.0575787529575   0.0   0   0.02564102564102564   0   115.18403825465693   
0   0.0   0   0.0   0   115.18403825465693   
0   0.0   0   0.0   0   115.18403825465693   
0.0169349273404   0.0   0   0.017094017094017096   0   115.18403825465693   
0.282474588039   0.1   0   0.038461538461538464   0   115.65544277544795   
0.510757408588   0.4   0   0.06837606837606838   0   116.00899616604124   
0.14970475769   0.1   0   0.05555555555555555   2   116.00899616604124   
0.0562239587703   0.0   0   0.02564102564102564   1   116.00899616604124   
0.185606803651   0.2   0   0.06837606837606838   1   116.00899616604124   
0.463339612035   0.3   0   0.07264957264957266   0   116.33343900830278   
0.146995169315   0.1   0   0.042735042735042736   0   116.33343900830278   
0.314989648532   0.1   0   0.0641025641025641   0   116.67643617858779   
0.320408825281   0.2   0   0.042735042735042736   1   117.12364977408775   
0.100932166949   0.1   0   0.04700854700854701   0   117.12364977408775   
0.344117723558   0.1   0   0.09829059829059829   0   117.41853368639755   
0.0399664285234   0.0   0   0.042735042735042736   0   117.41853368639755   
0.0223541040894   0.0   0   0.03418803418803419   0   117.41853368639755   
0.326505399124   0.2   0   0.02564102564102564   1   117.99588395558717   
0.0867068279831   0.1   0   0.021367521367521368   0   117.99588395558717   
0.0392890314298   0.0   0   0.021367521367521368   0   117.99588395558717   
0.287893764788   0.1   0   0.05128205128205128   1   118.40413224605105   
0.281797190945   0.1   0   0.029914529914529916   1   118.9386547298759   
0.299409515379   0.1   0   0.04700854700854701   0   119.36505616258712   
0.100254769855   0.1   0   0.042735042735042736   0   119.36505616258712   
0.319731428188   0.1   0   0.05128205128205128   0   119.773304453051   
0.18357461237   0.2   0   0.05128205128205128   0   120.18155274351487   
0.33327937006   0.1   0   0.0641025641025641   0   120.52454991379989   
0.268926646166   0.1   0   0.017094017094017096   0   121.23165669498644   
0.184252009464   0.2   0   0.05128205128205128   0   121.40843339028307   
0.248604733358   0.1   0   0.017094017094017096   0   122.1155401714696   
0.415921815481   0.2   0   0.09401709401709402   0   122.54855287336184   
0.0650301209873   0.0   0   0.042735042735042736   0   122.54855287336184   
0.0670623122682   0.1   0   0.042735042735042736   0   122.54855287336184   
0.342085532277   0.1   0   0.05555555555555555   0   122.9407851436382   
0.0650301209873   0.1   0   0.021367521367521368   0   122.9407851436382   
0.314989648532   0.1   0   0.0641025641025641   0   123.26522798589974   
0.316344442719   0.1   0   0.04700854700854701   0   123.69162941861096   
0.0860294308895   0.1   0   0.03418803418803419   0   123.69162941861096   
0.104319152417   0.1   0   0.042735042735042736   0   123.69162941861096   
0.369181416022   0.2   0   0.05555555555555555   1   124.08386168888732   
0.124641065226   0.1   0   0.05128205128205128   0   124.28798583411925   
0.392890314298   0.2   0   0.05982905982905983   1   124.6659503071285   
0.106351343698   0.1   0   0.038461538461538464   0   124.901652567524   
0.196445157149   0.2   0   0.05982905982905983   1   124.901652567524   
0.293312941536   0.1   0   0.04700854700854701   0   125.32805400023523   
0.0650301209873   0.0   0   0.05555555555555555   0   125.52417013537342   
0.100254769855   0.1   0   0.05128205128205128   0   125.52417013537342   
0.327182796217   0.2   0   0.042735042735042736   1   125.97138373087338   
0.267571851979   0.1   0   0.02564102564102564   0   126.548734000063   
0.0724814890171   0.1   0   0.017094017094017096   0   126.90228739065628   
0.104319152417   0.1   0   0.042735042735042736   0   126.90228739065628   
0.349536900307   0.2   0   0.07264957264957266   0   127.24528456094131   
0.0738362832043   0.0   0   0.042735042735042736   0   127.24528456094131   
0.00812876512341   0.0   0   0.017094017094017096   0   127.24528456094131   
0.306183486315   0.1   0   0.04700854700854701   0   127.67168599365255   
0.0392890314298   0.0   0   0.038461538461538464   0   127.67168599365255   
0.32582800203   0.1   0   0.07264957264957266   0   128.01468316393758   
0.306860883409   0.1   0   0.042735042735042736   0   128.42293145440144   
0.293312941536   0.1   0   0.038461538461538464   1   128.84933288711267   
0.402373873609   0.1   0   0.1111111111111111   1   129.22433288711267   
0.448436875975   0.2   0   0.1282051282051282   1   129.466868512149   
0   0.0   0   0.0   0   129.466868512149   
0   0.0   0   0.0   0   129.466868512149   
0   0.0   0   0.0   0   129.466868512149   
0.0873842250767   0.0   0   0.08974358974358974   0   129.466868512149   
0.083319842515   0.0   0   0.05982905982905983   0   129.466868512149   
0.227605423456   0.2   0   0.11538461538461539   0   129.60295127563697   
0.340053340996   0.2   0   0.05982905982905983   0   130.13328136152688   
0.283829382226   0.1   0   0.038461538461538464   0   130.6046858823179   
0.359020459617   0.2   0   0.06837606837606838   1   130.95823927291121   
0.327182796217   0.1   0   0.0641025641025641   1   131.50596183041637   
0.363762239273   0.2   0   0.0811965811965812   0   131.8304046726779   
0.233024600205   0.2   0   0.08547008547008547   0   131.9747422399753   
0.469436185877   0.2   0   0.0811965811965812   0   132.25758495244995   
0.434888934103   0.2   0   0.05128205128205128   0   132.63554942545917   
0.138866404192   0.2   0   0.03418803418803419   0   132.63554942545917   
0.406438256171   0.1   0   0.10683760683760683   0   133.01654980645972   
0.142930786753   0.0   0   0.0641025641025641   0   133.01654980645972   
0.191703377494   0.1   0   0.0811965811965812   0   133.01654980645972   
0.0988999756682   0.0   0   0.04700854700854701   0   133.01654980645972   
0.419986198043   0.2   0   0.09401709401709402   0   133.29389990457236   
0.216089672864   0.3   0   0.05128205128205128   0   133.4980240498043   
0.141575992566   0.2   0   0.02564102564102564   0   133.4980240498043   
0.0359020459617   0.0   0   0.02564102564102564   0   133.4980240498043   
0.0535143703958   0.0   0   0.017094017094017096   0   133.4980240498043   
0.336666355528   0.1   0   0.05555555555555555   0   133.89025632008065   
0.0657075180809   0.0   0   0.05128205128205128   0   133.89025632008065   
0.0677397093618   0.1   0   0.042735042735042736   0   133.89025632008065   
0.272313631634   0.1   0   0.021367521367521368   0   134.52271185211433   
0.378664975332   0.2   0   0.0641025641025641   0   134.88786022378443   
0.0575787529575   0.0   0   0.038461538461538464   0   134.88786022378443   
0.0792554599533   0.0   0   0.05982905982905983   0   134.88786022378443   
0.594754648196   0.1   0   0.08974358974358974   0   135.47762804840403   
0.355633474149   0.2   0   0.06837606837606838   0   135.81096138173734   
0.362407445085   0.2   0   0.04700854700854701   0   136.45056353080417   
0.300764309566   0.1   0   0.05128205128205128   0   136.85881182126803   
0.267571851979   0.1   0   0.02564102564102564   0   137.43616209045769   
0.356988268337   0.2   0   0.06837606837606838   1   137.9664921763476   
0.356310871243   0.2   0   0.04700854700854701   0   138.60609432541443   
0.403728667796   0.2   0   0.09829059829059829   0   138.88893703788904   
0.430147154447   0.3   0   0.05555555555555555   0   139.4772854433036   
0.24521774789   0.1   0   0.01282051282051282   0   140.29378202423132   
0.298054721192   0.1   0   0.042735042735042736   1   140.74099561973128   
0.100932166949   0.1   0   0.021367521367521368   0   140.74099561973128   
0.115157505915   0.1   0   0.05128205128205128   0   140.9451197649632   
0.349536900307   0.3   0   0.09829059829059829   0   141.07642619782294   
0.0433534139915   0.0   0   0.021367521367521368   0   141.07642619782294   
0.0995773727618   0.1   0   0.038461538461538464   0   141.07642619782294   
0.447759478881   0.2   0   0.11965811965811966   0   141.47731806069154   
0.275023220009   0.2   0   0.08974358974358974   0   141.63162141065365   
0.0325150604937   0.0   0   0.02564102564102564   0   141.63162141065365   
0.120576682664   0.1   0   0.04700854700854701   0   141.63162141065365   
0.319731428188   0.1   0   0.04700854700854701   0   142.05802284336488   
0.685525858741   0.3   0   0.05555555555555555   0   119.33335678235649   
0.0765458715788   0.1   0   0.038461538461538464   2   119.52969514548113   
0.0934807989192   0.1   0   0.05555555555555555   1   119.52969514548113   
0.156478728626   0.2   0   0.029914529914529916   0   119.97494870118055   
0.319054031094   0.1   0   0.02564102564102564   0   120.45587750776923   
0.41185743292   0.2   0   0.08974358974358974   0   120.70151378023239   
0.294667735724   0.1   0   0.038461538461538464   0   121.29052886960635   
0.260120483949   0.1   0   0.029914529914529916   0   121.73578242530576   
0.335988958434   0.2   0   0.04700854700854701   0   122.09097188845323   
0.0413212227107   0.0   0   0.05128205128205128   0   122.09097188845323   
0.451823861443   0.4   0   0.05982905982905983   0   122.40581369703571   
0.341408135183   0.2   0   0.0641025641025641   0   122.70997978127707   
0.0257410895575   0.0   0   0.021367521367521368   0   122.70997978127707   
0   0.0   0   0.0   0   122.70997978127707   
0   0.0   0   0.0   0   122.70997978127707   
0.258765689762   0.1   0   0.021367521367521368   0   123.23681089312238   
0.800683364656   0.1   0   0.05982905982905983   0   124.02705756089034   
0.868423074018   0.2   0   0.09401709401709402   1   124.80625128336432   
0.374600592771   0.2   0   0.07692307692307693   1   125.06966683928697   
0.579174515043   0.1   0   0.04700854700854701   0   125.88648380342535   
0.119221888477   0.1   0   0.05982905982905983   0   125.88648380342535   
0.144962978034   0.1   0   0.07692307692307693   0   126.02531599139785   
0.0853520337958   0.0   0   0.05128205128205128   0   126.02531599139785   
0.037256840149   0.0   0   0.05555555555555555   0   126.02531599139785   
0.0433534139915   0.0   0   0.038461538461538464   0   126.02531599139785   
0.871132662392   0.2   0   0.09401709401709402   2   126.69319632494698   
0.383406754988   0.3   0   0.05982905982905983   0   127.00803813352945   
0.391535520111   0.4   0   0.04700854700854701   0   127.36322759667694   
0.293312941536   0.1   0   0.07264957264957266   1   127.64894188239123   
0.443017699226   0.2   0   0.09829059829059829   1   127.87565389599575   
0.293312941536   0.1   0   0.038461538461538464   1   128.4646689853697   
0.0853520337958   0.0   0   0.05128205128205128   0   128.4646689853697   
0.126673256507   0.1   0   0.03418803418803419   0   128.4646689853697   
0.0948355931065   0.2   0   0.02564102564102564   0   128.4646689853697   
0.0894164163575   0.1   0   0.029914529914529916   0   128.4646689853697   
0.413212227107   0.3   0   0.1282051282051282   0   128.78728583653074   
0.665881343026   0.3   0   0.05982905982905983   0   125.94201946838342   
0.394245108486   0.3   0   0.05982905982905983   2   126.24746088771191   
0.2865389706   0.2   0   0.12393162393162394   3   126.24746088771191   
0.312957457251   0.1   0   0.029914529914529916   1   126.67942028543673   
0.297377324098   0.1   0   0.038461538461538464   1   127.06037266638911   
0.430824551541   0.3   0   0.05982905982905983   0   127.51853479538185   
0.178155435621   0.2   0   0.05982905982905983   0   127.6712555050461   
0.397632093954   0.2   0   0.05128205128205128   2   127.9766969243746   
0.405083461983   0.1   0   0.1111111111111111   4   128.1853531367575   
0.0724814890171   0.0   0   0.0641025641025641   0   128.1853531367575   
0.265539660698   0.1   0   0.02564102564102564   1   128.58941415457838   
0.636753268001   0.1   0   0.10683760683760683   0   128.9651832684192   
0.409825241639   0.2   0   0.09401709401709402   2   129.43175274323505   
0.55614301386   0.1   0   0.05128205128205128   0   129.97050076699622   
0.315667045626   0.1   0   0.0641025641025641   1   130.5606696578469   
0.3502142974   0.2   0   0.02564102564102564   0   131.26052387007064   
0.472145774252   0.3   0   0.05128205128205128   0   131.79927189383184   
0.37256840149   0.2   0   0.08547008547008547   2   132.13547098264016   
0.329892384592   0.1   0   0.05128205128205128   2   132.4653854221771   
0.635398473813   0.1   0   0.1282051282051282   5   132.97046169445318   
0.268926646166   0.1   0   0.05128205128205128   1   133.3003761339901   
0.503983437652   0.3   0   0.07264957264957266   1   133.95584965933458   
0.266894454885   0.1   0   0.04700854700854701   1   134.47272625003933   
0.814231306529   0.1   0   0.11538461538461539   1   135.1690368738621   
0.290603353162   0.1   0   0.029914529914529916   0   135.60099627158695   
0.802038158843   0.2   0   0.05128205128205128   1   136.543805313169   
0.323795810749   0.2   0   0.03418803418803419   1   137.14989683990032   
0.589335471447   0.2   0   0.06837606837606838   2   137.78877340490027   
0.27705541129   0.1   0   0.029914529914529916   0   138.2207328026251   
0.0270958837447   0.0   0   0.021367521367521368   0   138.47628342862507   
0.553433425486   0.1   0   0.05555555555555555   1   139.1692423573003   
0.670623122682   0.3   0   0.08547008547008547   1   139.9002162419481   
0.0521595762086   0.0   0   0.042735042735042736   0   139.9002162419481   
0.638108062188   0.3   0   0.0641025641025641   1   140.59317517062334   
0.308215677596   0.1   0   0.05982905982905983   1   141.05133729961608   
0.315667045626   0.2   0   0.03418803418803419   0   141.6574288263474   
0.160543111187   0.2   0   0.05128205128205128   1   141.9628702456759   
0.320408825281   0.2   0   0.038461538461538464   0   142.53429881710446   
0.494499878341   0.1   0   0.02564102564102564   0   143.34242085274624   
0.0704492977362   0.1   0   0.03418803418803419   0   143.34242085274624   
0.376632784051   0.2   0   0.05982905982905983   0   143.77099228131766   
0.124641065226   0.1   0   0.04700854700854701   0   143.77099228131766   
0.153091743158   0.1   0   0.09829059829059829   0   143.77099228131766   
0.354278679962   0.2   0   0.05128205128205128   0   144.1009067208546   
0.582561500511   0.2   0   0.038461538461538464   1   144.79007550846092   
0.371213607303   0.2   0   0.0641025641025641   0   145.08515995388623   
0.342085532277   0.2   0   0.038461538461538464   1   145.4661123348386   
0.318376634   0.2   0   0.02564102564102564   0   146.16596654706237   
0.0765458715788   0.0   0   0.07692307692307693   0   146.16596654706237   
0.663171754652   0.3   1   0.07264957264957266   0   0   
