0.820206874603   0.5   1   0.04815864022662889   0   0   
1.18540601121   0.7   0   0.053824362606232294   0   0   
0.466634630075   0.2   0   0.031161473087818695   0   1.0   
0.71114132653   0.2   0   0.042492917847025496   0   1.8563488385776752   
0.54666645894   0.2   0   0.036827195467422094   3   2.776215049585475   
0.953955311753   0.5   0   0.04815864022662889   0   2.776215049585475   
0.917564712022   0.4   0   0.04815864022662889   0   2.776215049585475   
0.661641956854   0.2   0   0.0453257790368272   0   2.776215049585475   
0.449891854345   0.1   0   0.0169971671388102   1   2.776215049585475   
1.00480380375   0.2   0   0.039660056657223795   0   2.776215049585475   
0.131553067782   0.0   0   0.0113314447592068   0   2.776215049585475   
0.531672577217   0.4   0   0.025495750708215296   1   2.776215049585475   
0.0591656127739   0.0   0   0.0056657223796034   0   2.776215049585475   
0.958557905074   0.3   0   0.053824362606232294   0   3.537100959838157   
0.986272507924   0.3   0   0.053824362606232294   0   3.537100959838157   
0.231030218903   0.1   0   0.019830028328611898   2   3.537100959838157   
0.801461382015   0.3   0   0.036827195467422094   0   3.537100959838157   
0.985478547048   0.3   0   0.056657223796033995   0   3.537100959838157   
0.250091199722   0.0   0   0.0226628895184136   0   3.537100959838157   
0.697631454172   0.3   0   0.025495750708215296   0   3.537100959838157   
0.55624697913   0.3   0   0.0226628895184136   0   3.537100959838157   
0.829551867456   0.3   0   0.036827195467422094   2   4.3934497984158325   
1.06325661006   0.4   0   0.059490084985835696   0   5.117196662871579   
0.653477439776   0.2   0   0.028328611898016998   0   5.117196662871579   
0.690014893244   0.1   0   0.06232294617563739   0   5.117196662871579   
0.311994982231   0.2   0   0.025495750708215296   0   5.628678538873764   
0.822197932381   0.4   0   0.039660056657223795   1   5.628678538873764   
0.764774919574   0.3   0   0.0453257790368272   0   5.628678538873764   
0.529515072323   0.2   0   0.036827195467422094   1   5.628678538873764   
1.07421531145   0.3   0   0.0339943342776204   0   5.628678538873764   
0.558265673908   0.2   0   0.025495750708215296   0   6.628678538873765   
0.458994134664   0.1   0   0.0169971671388102   0   6.412293363059422   
0.894211311687   0.3   0   0.0453257790368272   1   6.412293363059422   
0.276028683689   0.1   1   0.0226628895184136   0   0   
