1.5067210416   0.6   1   0.056657223796033995   0   1.0   
1.14556818392   0.4   0   0.06515580736543909   3   1.0   
1.12211049507   0.4   0   0.04815864022662889   2   1.599144689515278   
0.797558957744   0.4   0   0.028328611898016998   2   2.5652364725945738   
1.59274542091   0.5   0   0.0764872521246459   1   2.8311444843337292   
0.390653447859   0.2   0   0.0169971671388102   0   3.4547540487960524   
2.42390568752   0.7   0   0.1274787535410765   0   3.8594053679073084   
0.251015538411   0.1   0   0.0113314447592068   0   4.623167983733282   
0.405802149756   0.1   0   0.028328611898016998   0   5.10621387527293   
1.79276263081   0.6   0   0.08498583569405099   2   5.615388952490245   
0.520835755502   0.2   0   0.019830028328611898   0   5.615388952490245   
0.482625852466   0.2   0   0.028328611898016998   1   6.098434844029893   
0.158732800342   0.1   0   0.0113314447592068   0   6.098434844029893   
0.506823555042   0.2   0   0.0226628895184136   0   6.098434844029893   
0.548777518288   0.2   0   0.031161473087818695   0   6.098434844029893   
0.214285483124   0.0   0   0.0169971671388102   0   6.098434844029893   
0.619026586625   0.3   0   0.0339943342776204   0   6.98035194771809   
0.142972713741   0.1   0   0.0056657223796034   0   6.98035194771809   
1.16115107303   0.5   0   0.039660056657223795   0   7.092950700542968   
1.01856396976   0.4   0   0.06232294617563739   0   7.6372817544947855   
1.3211541147   0.3   0   0.0708215297450425   0   5.960560011438904   
0.469933019056   0.2   0   0.031161473087818695   0   6.482792979305997   
0.76153474557   0.3   1   0.042492917847025496   1   0   
