2.63461911406   0.8   1   0.053824362606232294   0   1.0   
1.57257254378   0.2   0   0.042492917847025496   1   1.0   
0.451092818875   0.2   0   0.0084985835694051   0   1.0   
0.662443512496   0.3   0   0.014164305949008499   0   1.0   
1.90980257284   0.3   0   0.05099150141643059   0   1.7200822998230954   
2.14220327725   0.5   0   0.04815864022662889   0   2.636124620430117   
1.06274724473   0.4   0   0.0226628895184136   0   2.710543528815862   
1.07030381423   0.1   0   0.025495750708215296   1   2.710543528815862   
1.50279165143   0.4   0   0.0339943342776204   1   2.982709055791771   
1.11367588302   0.3   1   0.0226628895184136   1   0   
