1.35267715898   0.8   1   0.04642857142857143   0   1.0   
1.6353643083   0.3   0   0.08571428571428572   2   1.6060915267313263   
0.184579891367   0.0   0   0.014285714285714285   0   1.6060915267313263   
0.90445796937   0.2   0   0.05357142857142857   2   2.0086642852860654   
1.41846320655   0.5   0   0.06785714285714285   0   2.5163918947938586   
1.14545931917   0.3   0   0.04642857142857143   0   2.944963323365287   
0.575647257471   0.0   0   0.03214285714285714   0   2.944963323365287   
1.19598752781   0.2   0   0.06785714285714285   0   3.0656996454693606   
0.81807616677   0.2   0   0.02857142857142857   0   3.5905903046371845   
0.842442037863   0.3   0   0.04285714285714286   0   3.9100285871371545   
1.54044146675   0.4   0   0.07142857142857142   0   4.135905562863467   
0.719428624575   0.3   0   0.04285714285714286   0   4.295624704113452   
0.517334318987   0.0   0   0.03571428571428571   0   4.295624704113452   
1.51880008874   0.2   0   0.08571428571428572   0   4.6093068704183375   
1.71782733218   0.7   1   0.07857142857142857   3   0   
