1.51974703451   0.8   1   0.06515580736543909   0   1.0   
0.932321552657   0.2   0   0.059490084985835696   1   1.6394442031083627   
0.363062772896   0.0   0   0.0339943342776204   0   1.6394442031083627   
0.15754881008   0.0   0   0.0113314447592068   0   1.6394442031083627   
0.582261349506   0.2   0   0.028328611898016998   0   2.1449692327117993   
0.61063213274   0.2   0   0.036827195467422094   0   2.1449692327117993   
1.11044276362   0.6   0   0.053824362606232294   0   2.511715635525253   
0.403814454506   0.2   0   0.0169971671388102   0   3.1643456424402934   
0.921948095275   0.0   0   0.07932011331444759   0   3.1643456424402934   
0.641726520684   0.2   0   0.0339943342776204   0   3.625824745935742   
0.176462897062   0.0   0   0.0169971671388102   0   3.625824745935742   
0.855437992083   0.3   0   0.042492917847025496   1   4.013544744627609   
0.42618849246   0.0   0   0.0339943342776204   2   4.475023848123057   
0.820415085677   0.5   0   0.036827195467422094   0   4.918398629297174   
0.632005640956   0.2   0   0.039660056657223795   0   5.772891888579382   
0.442845162391   0.0   0   0.036827195467422094   0   6.216266669753499   
0.718401187096   0.4   0   0.0339943342776204   0   6.677745773248948   
0.592610877608   0.4   0   0.039660056657223795   0   7.104992402890052   
0.967890417932   0.4   0   0.04815864022662889   0   7.471738805703506   
0.69922008101   0.3   0   0.053824362606232294   0   7.83848520851696   
1.27432841391   0.5   0   0.053824362606232294   0   8.477929411625322   
0.589376678196   0.1   0   0.036827195467422094   0   8.865649410317188   
0.380588738462   0.0   0   0.039660056657223795   0   8.865649410317188   
0.544267689092   0.2   0   0.025495750708215296   1   9.347648613971336   
0.718241698373   0.3   0   0.031161473087818695   0   10.31164702127963   
0.50358840684   0.2   0   0.031161473087818695   0   10.31164702127963   
0.564255970101   0.2   1   0.028328611898016998   0   0   
