1.43317543324   0.4   1   0.07220216606498195   0   0   
0.587909216279   0.1   0   0.032490974729241874   0   0   
1.70662664053   0.3   0   0.09386281588447654   3   1.0   
1.14329678171   0.4   0   0.04693140794223827   0   1.7071067811865477   
1.73699629779   0.5   0   0.07581227436823104   0   2.084847426438701   
0.914658931632   0.3   0   0.04693140794223827   0   2.720336335740944   
0.499897977809   0.1   0   0.021660649819494584   0   3.655750682434429   
0.943785599907   0.3   0   0.04332129963898917   0   4.317188510200578   
0.675262528611   0.2   0   0.021660649819494584   0   5.252602856894063   
0.0412103759135   0.0   0   0.0036101083032490976   0   5.252602856894063   
0.663423990357   0.2   0   0.039711191335740074   0   5.252602856894063   
1.00242500072   0.3   0   0.04332129963898917   0   5.91404068466021   
2.00091920502   0.4   0   0.09025270758122744   0   6.765003628056974   
3.64929285731   0.9   0   0.1552346570397112   1   6.373612253458997   
1.61512387146   0.3   0   0.06859205776173286   0   6.770774808640241   
1.26231514099   0.4   0   0.039711191335740074   0   6.112856834647564   
0.472457508823   0.1   0   0.02527075812274368   0   6.112856834647564   
0.61807233759   0.2   0   0.02888086642599278   0   6.598769492551339   
0.744821530373   0.2   1   0.04332129963898917   0   0   
