1.69512269932   0.0   1   0.1529745042492918   3   1.0   
0.743104962307   0.1   0   0.04815864022662889   0   1.0   
0.210158989727   0.1   0   0.0113314447592068   0   1.0   
0.830261096181   0.3   0   0.053824362606232294   2   1.0   
0.311271558411   0.1   0   0.0226628895184136   1   1.0   
0.897754380787   0.4   0   0.053824362606232294   0   1.0   
0.37614349932   0.1   0   0.0226628895184136   1   1.0   
1.18981866734   0.6   0   0.06232294617563739   1   1.0   
0.530195078991   0.2   0   0.039660056657223795   0   1.0   
0.708905734529   0.4   0   0.039660056657223795   3   1.0   
1.70384673212   0.5   0   0.09915014164305949   3   1.0   
0.722112201321   0.3   0   0.039660056657223795   1   1.0   
0.666311977129   0.2   0   0.042492917847025496   0   1.966091783079296   
1.04131397058   0.3   0   0.0679886685552408   0   2.699891168784639   
0.728311820362   0.3   0   0.039660056657223795   0   2.699891168784639   
1.14649724887   0.5   0   0.0679886685552408   1   2.699891168784639   
0.480185495664   0.1   0   0.031161473087818695   0   3.3931977345935844   
0.152623017746   0.0   0   0.014164305949008499   0   3.3931977345935844   
0.390833032142   0.0   0   0.025495750708215296   0   4.0692628341266   
0.762382415531   0.2   0   0.04815864022662889   0   4.0692628341266   
0.426543971756   0.1   0   0.025495750708215296   0   4.0692628341266   
0.811621853108   0.4   0   0.059490084985835696   1   4.0692628341266   
0.521395809886   0.0   1   0.04815864022662889   1   0   
