1.45784778978   0.4   1   0.04815864022662889   0   1.0   
0.522896713207   0.1   0   0.019830028328611898   1   1.0   
0.650897131133   0.1   0   0.031161473087818695   0   1.0   
1.64658313707   0.4   0   0.059490084985835696   4   1.2644973492052907   
0.42738311356   0.0   0   0.0226628895184136   0   1.2644973492052907   
0.863537276953   0.3   0   0.025495750708215296   0   1.6900427236291558   
0.726064230875   0.2   0   0.025495750708215296   0   1.9400427236291558   
0.657251552654   0.2   0   0.0226628895184136   0   2.205207766574111   
1.10634887065   0.3   0   0.0339943342776204   0   3.07123317035855   
0.618084874575   0.2   0   0.019830028328611898   0   3.3547065251154704   
0.291042226456   0.0   0   0.0113314447592068   0   3.3547065251154704   
0.477683700816   0.2   0   0.014164305949008499   2   3.3547065251154704   
0.904090895767   0.1   0   0.042492917847025496   3   3.3547065251154704   
0.917583958656   0.1   0   0.039660056657223795   1   3.3547065251154704   
0.461663921715   0.2   0   0.019830028328611898   1   3.3547065251154704   
2.22529955543   0.4   1   0.07365439093484419   3   0   
