0.950276194677   0.6   1   0.056657223796033995   0   1.0   
0.867045054961   0.5   0   0.0453257790368272   1   1.372677996249965   
0.939904625962   0.3   0   0.06232294617563739   0   1.676968305975057   
0.996268090064   0.5   0   0.059490084985835696   1   2.2986381781352665   
0.421448627307   0.2   0   0.025495750708215296   1   2.7955421731352197   
0.694412802361   0.2   0   0.039660056657223795   0   2.875306699929351   
0.547517254853   0.0   0   0.05099150141643059   2   2.875306699929351   
0.566082226382   0.2   0   0.0339943342776204   0   2.875306699929351   
0.7756166325   0.3   0   0.0453257790368272   0   2.875306699929351   
0.909616422904   0.5   0   0.05099150141643059   0   3.1110089603248667   
0.998967520323   0.1   0   0.07365439093484419   0   3.307125095463051   
0.849414028485   0.5   0   0.039660056657223795   0   3.307125095463051   
0.456282217532   0.2   0   0.0226628895184136   0   3.623352861479889   
0.575024149953   0.1   0   0.039660056657223795   0   3.890614103392313   
0.714827044238   0.1   0   0.056657223796033995   1   4.103814819747924   
0.476262033077   0.0   0   0.039660056657223795   2   4.103814819747924   
0.550557421675   0.1   0   0.039660056657223795   0   4.103814819747924   
0.647011553862   0.3   0   0.031161473087818695   0   4.405326164325687   
0.865474429404   0.5   0   0.042492917847025496   0   4.663525054072848   
0.712785120652   0.3   0   0.0453257790368272   0   4.913525054072848   
0.746039672795   0.3   0   0.0453257790368272   0   5.413525054072848   
0.665792947932   0.2   1   0.0453257790368272   0   0   
