1.1558908077   0.6   1   0.05099150141643059   1   1.0   
1.35357741626   0.3   0   0.0764872521246459   2   1.0   
0.878596737783   0.4   0   0.042492917847025496   1   1.0   
0.449764876214   0.1   0   0.019830028328611898   0   1.0   
0.839442265917   0.4   0   0.039660056657223795   0   1.0   
0.55200567013   0.1   0   0.031161473087818695   1   1.0   
1.0598319588   0.3   0   0.053824362606232294   0   1.0   
0.365120334557   0.1   0   0.019830028328611898   0   1.0   
0.258693943007   0.0   0   0.0169971671388102   0   1.0   
0.457775381639   0.1   0   0.0226628895184136   1   1.0   
0.89155337535   0.5   0   0.036827195467422094   0   1.0   
0.624350260754   0.2   0   0.0339943342776204   0   1.0   
1.40838546803   0.5   0   0.06232294617563739   0   1.5527707983925667   
0.983404773405   0.3   0   0.042492917847025496   0   1.5527707983925667   
0.733351763205   0.3   0   0.028328611898016998   0   1.5527707983925667   
0.741892454326   0.1   0   0.042492917847025496   0   1.5527707983925667   
1.24037647455   0.4   0   0.056657223796033995   2   1.5527707983925667   
0.871204413236   0.5   0   0.036827195467422094   0   1.5527707983925667   
0.286931518572   0.0   0   0.0169971671388102   1   1.5527707983925667   
0.26681935428   0.0   1   0.0169971671388102   0   0   
