1.00778343514   0.6   1   0.053824362606232294   0   1.0   
0.863465708175   0.4   0   0.05099150141643059   1   1.0   
1.07790823837   0.3   0   0.0679886685552408   1   1.8548504142651103   
0.953496679234   0.3   0   0.06232294617563739   0   1.8548504142651103   
0.277740746954   0.1   0   0.025495750708215296   0   2.276595607026237   
1.04070937692   0.6   0   0.05099150141643059   0   2.276595607026237   
0.723469713035   0.1   0   0.06232294617563739   1   2.276595607026237   
0.868431834772   0.4   0   0.0679886685552408   0   2.8649440124407892   
0.48574597535   0.1   0   0.031161473087818695   0   2.8649440124407892   
0.346793158136   0.1   0   0.0339943342776204   0   2.8649440124407892   
0.8780138324   0.2   0   0.0708215297450425   0   3.442294281630415   
0.585697351383   0.3   0   0.025495750708215296   0   2.7211471408152073   
0.208588731654   0.0   0   0.025495750708215296   0   2.7211471408152073   
0.441517107212   0.0   0   0.04815864022662889   0   2.7211471408152073   
1.04317304511   0.3   0   0.0764872521246459   1   2.7211471408152073   
0.853875830365   0.5   0   0.0453257790368272   2   3.0747005314084808   
0.924313681369   0.2   0   0.0906515580736544   1   3.0747005314084808   
0.383325243987   0.1   0   0.0169971671388102   0   3.0747005314084808   
0.506350547978   0.1   0   0.031161473087818695   1   3.0747005314084808   
0.17346763909   0.0   0   0.0226628895184136   0   3.0747005314084808   
0.951308184812   0.3   0   0.056657223796033995   0   3.0747005314084808   
0.998863620694   0.2   0   0.056657223796033995   2   3.0747005314084808   
0.445855745418   0.1   0   0.025495750708215296   0   3.0747005314084808   
0.314704236004   0.0   0   0.039660056657223795   0   3.0747005314084808   
0.284314178734   0.2   0   0.025495750708215296   0   3.0747005314084808   
0.771061872037   0.5   0   0.05099150141643059   1   3.0747005314084808   
0.184892398434   0.0   0   0.0226628895184136   0   3.0747005314084808   
0.0817036441403   0.0   0   0.0084985835694051   0   3.0747005314084808   
0.67373582151   0.3   0   0.039660056657223795   0   3.0747005314084808   
0.373885678684   0.1   0   0.0169971671388102   0   3.0747005314084808   
0.107450906767   0.0   0   0.0084985835694051   0   3.0747005314084808   
0.534977614156   0.2   0   0.0339943342776204   2   3.0747005314084808   
0.0578592302155   0.0   0   0.0084985835694051   0   3.0747005314084808   
0.321419426135   0.1   0   0.014164305949008499   0   3.0747005314084808   
0.304799855373   0.2   1   0.031161473087818695   0   0   
