2.75312798387   0.9   1   0.053824362606232294   2   1.0   
3.26010929435   0.9   0   0.0764872521246459   2   1.70640909302338   
2.06865399757   0.4   0   0.039660056657223795   5   2.36633557270114   
2.104184241   0.3   0   0.0764872521246459   0   2.36633557270114   
1.07474597866   0.1   0   0.059490084985835696   2   2.36633557270114   
1.52600767147   0.3   0   0.039660056657223795   0   2.36633557270114   
0.727159477045   0.0   0   0.042492917847025496   0   2.36633557270114   
0.871317187846   0.2   0   0.028328611898016998   0   2.36633557270114   
0.608712234004   0.1   0   0.031161473087818695   0   2.4775661581597896   
0.704596680301   0.1   0   0.031161473087818695   4   2.4775661581597896   
0.438989174122   0.1   0   0.0113314447592068   1   2.4775661581597896   
1.89946505412   0.3   0   0.0339943342776204   4   3.086236797671032   
1.57378127104   0.7   0   0.031161473087818695   0   3.8648508958815784   
2.50106291275   0.7   0   0.05099150141643059   3   4.651369908413185   
2.58877078089   0.7   0   0.05099150141643059   5   5.374862172356232   
1.61725044443   0.1   0   0.031161473087818695   0   6.051932454473377   
2.06659102558   0.6   1   0.0339943342776204   2   0   
