0.593660026406   0.3   1   0.039660056657223795   0   1.0   
0.801195289487   0.2   0   0.05099150141643059   0   1.566946709513841   
0.941640059648   0.2   0   0.05099150141643059   0   1.866162383656571   
0.75652651746   0.3   0   0.05099150141643059   0   2.6880073884902114   
0.53089496785   0.2   0   0.036827195467422094   0   2.982181591197487   
0.922598933124   0.6   0   0.04815864022662889   2   2.932106377773973   
0.90768745523   0.5   0   0.039660056657223795   1   3.438195153164899   
0.579638648538   0.1   0   0.0453257790368272   0   3.8667665817363273   
0.671255988834   0.0   0   0.059490084985835696   0   3.9859176754832273   
0.619525705221   0.3   0   0.031161473087818695   0   4.675086463089544   
1.12570470478   0.5   0   0.06232294617563739   0   5.01128555189786   
0.795084696813   0.1   0   0.056657223796033995   0   5.133114532672494   
0.876283462829   0.3   0   0.04815864022662889   0   5.5072023445056235   
0.542536380187   0.3   0   0.031161473087818695   0   5.679494541407204   
1.66564620602   0.3   0   0.11331444759206799   0   6.068302437087072   
1.31439500628   0.8   0   0.0708215297450425   0   6.868302437087073   
1.30882819114   0.5   1   0.056657223796033995   1   0   
