0.585799329838   0.2   1   0.028328611898016998   0   0   
0.384910601111   0.1   0   0.031161473087818695   1   0   
0.71855611313   0.2   0   0.0226628895184136   2   0   
0.53594614063   0.3   0   0.031161473087818695   0   1.0   
0.895189506708   0.5   0   0.0226628895184136   1   1.852802865422442   
0.486491326431   0.2   0   0.025495750708215296   0   1.852802865422442   
0.262745587308   0.1   0   0.0113314447592068   1   1.852802865422442   
0.809584157558   0.3   0   0.028328611898016998   1   1.852802865422442   
0.294769478789   0.2   0   0.0226628895184136   0   1.9264014327112209   
0.965390855791   0.3   0   0.036827195467422094   1   1.9264014327112209   
1.29915770765   0.5   0   0.04815864022662889   1   1.9264014327112209   
0.193460212651   0.1   0   0.014164305949008499   0   1.9264014327112209   
0.587309224929   0.2   0   0.028328611898016998   0   1.9264014327112209   
2.00446483189   0.2   0   0.09631728045325778   5   1.9264014327112209   
0.260560620168   0.1   0   0.0113314447592068   1   1.9264014327112209   
0.879643510506   0.3   0   0.039660056657223795   1   2.279954823304495   
1.18213989881   0.4   0   0.056657223796033995   1   2.8829775124600223   
1.05710945569   0.3   0   0.0453257790368272   2   2.8829775124600223   
0.709651510815   0.4   0   0.031161473087818695   2   3.3093789451712428   
1.06253229314   0.5   0   0.025495750708215296   1   3.780783465962275   
0.795600399497   0.2   0   0.0339943342776204   1   3.780783465962275   
1.04582623436   0.4   0   0.028328611898016998   2   3.780783465962275   
0.804764956988   0.3   0   0.036827195467422094   1   4.173015736238643   
0.0192082260614   0.0   0   0.0028328611898017   0   4.173015736238643   
1.0909022015   0.6   0   0.025495750708215296   1   4.644420257029675   
1.21768931597   0.7   0   0.025495750708215296   1   5.115824777820706   
1.00023585325   0.3   0   0.056657223796033995   2   5.115824777820706   
0.984612371268   0.3   0   0.05099150141643059   2   6.115824777820705   
0.751925477015   0.3   0   0.025495750708215296   2   6.115824777820705   
1.09020322265   0.5   0   0.0226628895184136   1   6.615824777820705   
0.373639371326   0.1   0   0.042492917847025496   0   6.980973149490816   
1.04268311851   0.2   0   0.06515580736543909   1   6.980973149490816   
0.775571733657   0.3   0   0.025495750708215296   2   6.980973149490816   
1.35009163519   0.6   0   0.056657223796033995   1   6.980973149490816   
0.799801419549   0.4   0   0.025495750708215296   1   6.980973149490816   
1.58250304053   0.7   0   0.0764872521246459   1   7.525304203442634   
1.58995460395   0.8   0   0.0679886685552408   1   8.391329607227073   
0.445356914199   0.0   0   0.039660056657223795   0   8.391329607227073   
0.620234794905   0.2   0   0.039660056657223795   1   8.7692940802363   
1.01831676292   0.5   0   0.039660056657223795   1   8.7692940802363   
0.471298455088   0.2   0   0.0113314447592068   0   8.7692940802363   
1.44624834636   0.7   0   0.05099150141643059   1   8.7692940802363   
1.43777951169   0.7   0   0.0453257790368272   1   9.122847470829573   
0.845559601724   0.4   0   0.0226628895184136   2   9.122847470829573   
0.688542479681   0.3   0   0.031161473087818695   0   9.122847470829573   
1.17941569082   0.5   0   0.031161473087818695   1   9.122847470829573   
0.334089453337   0.2   1   0.0339943342776204   0   0   
