1.05919085422   0.5   1   0.04815864022662889   0   1.0   
0.384724650556   0.2   0   0.019830028328611898   0   1.0   
0.288717854259   0.3   0   0.0113314447592068   0   1.0   
0   0.0   0   0.0   0   1.0   
1.06534854776   0.3   0   0.05099150141643059   0   1.0   
0.603482065719   0.1   0   0.025495750708215296   0   1.0   
0.179098293572   0.1   0   0.0113314447592068   0   1.0   
0.139522490204   0.0   0   0.0084985835694051   0   1.0   
0.827621410246   0.2   0   0.036827195467422094   0   1.0   
1.64584619882   0.6   0   0.056657223796033995   0   1.9293203772845855   
0.0660273618552   0.0   0   0.0056657223796034   0   1.9293203772845855   
0.531258457052   0.2   0   0.025495750708215296   0   2.3278493506785165   
0.758587017875   0.3   0   0.0453257790368272   0   2.3278493506785165   
0.916459232829   0.3   0   0.039660056657223795   0   3.12963307641579   
0.523535816556   0.2   0   0.0169971671388102   0   3.12963307641579   
0.843071745296   0.1   0   0.019830028328611898   0   4.129633076415789   
0.749322985676   0.2   0   0.036827195467422094   1   4.129633076415789   
0.523569360504   0.1   0   0.039660056657223795   0   4.129633076415789   
0.825966329305   0.1   0   0.042492917847025496   1   4.129633076415789   
1.18605432546   0.3   0   0.05099150141643059   0   4.836739857602337   
0.257558221695   0.0   0   0.0169971671388102   0   4.836739857602337   
1.17063636366   0.4   0   0.0453257790368272   0   5.586739857602338   
1.33610090668   0.3   0   0.0708215297450425   0   5.838258641018681   
1.39749440463   0.5   0   0.06232294617563739   0   6.392170350425679   
0.282779369781   0.1   0   0.014164305949008499   0   6.501504291848775   
0.105200857315   0.0   0   0.0084985835694051   0   6.501504291848775   
0.134670627634   0.0   0   0.0113314447592068   0   6.501504291848775   
0.324499520588   0.1   0   0.0169971671388102   0   6.501504291848775   
0.0749935590752   0.1   0   0.0028328611898017   0   6.501504291848775   
0.139142544928   0.0   0   0.0084985835694051   0   6.036043569525269   
0.135598634319   0.0   0   0.0084985835694051   0   6.036043569525269   
0.452129212948   0.1   1   0.019830028328611898   0   0   
