1.46915940626   0.7   1   0.056657223796033995   0   1.0   
1.42756207584   0.5   0   0.06232294617563739   2   1.9534625892455924   
1.18262004328   0.5   0   0.06232294617563739   2   2.5891043154093207   
0.844950658342   0.2   0   0.04815864022662889   2   2.5891043154093207   
1.41255962297   0.6   0   0.056657223796033995   2   2.922437648742654   
0.660693355709   0.1   0   0.039660056657223795   0   2.922437648742654   
1.51693893337   0.4   0   0.06232294617563739   0   3.8353085779179312   
0.885362439521   0.1   0   0.04815864022662889   0   4.519294145974701   
1.04783516659   0.1   0   0.059490084985835696   0   5.379957111798571   
1.14819856535   0.5   0   0.059490084985835696   0   6.030557160430927   
0.883473140065   0.3   0   0.042492917847025496   0   6.030557160430927   
1.35240127581   0.3   0   0.06515580736543909   1   6.31744481570555   
1.20754460258   0.3   0   0.05099150141643059   0   7.020173184631856   
1.06678606721   0.6   0   0.036827195467422094   0   5.244883423914691   
0.925752233728   0.2   1   0.036827195467422094   0   0   
