1.5030053102   0.7   1   0.07365439093484419   0   1.0   
1.22174396442   0.4   0   0.06232294617563739   0   1.960768922830523   
1.10250628293   0.6   0   0.05099150141643059   0   2.8267943266149618   
0.151433013621   0.1   0   0.0113314447592068   0   2.8267943266149618   
0.940952563914   0.3   0   0.06232294617563739   1   3.349027294482055   
0.673176377179   0.2   0   0.0453257790368272   0   3.6552135123299525   
0.761688873859   0.1   0   0.056657223796033995   0   3.9290747910825354   
0.644317437209   0.2   0   0.042492917847025496   0   4.561530323116211   
0.646832483261   0.2   0   0.0453257790368272   0   4.867716540964109   
0.841781646564   0.3   0   0.04815864022662889   1   5.461805066750113   
0.957341006852   0.4   0   0.04815864022662889   0   6.35293785542912   
0.530491707626   0.1   0   0.0339943342776204   0   6.680264690783109   
0.323577009159   0.0   0   0.0226628895184136   0   6.680264690783109   
1.02700144993   0.4   0   0.039660056657223795   0   7.5988233443268   
0.504206497523   0.2   0   0.028328611898016998   0   7.5988233443268   
1.66863251789   0.7   0   0.06515580736543909   0   7.908942230215109   
0.271772246518   0.1   0   0.0169971671388102   0   8.363548286781304   
0.990757752674   0.4   0   0.053824362606232294   1   9.12994793517151   
0.625391928299   0.1   0   0.036827195467422094   0   9.438791933631274   
1.0130272473   0.4   0   0.06515580736543909   0   9.670983758375947   
0.488016455616   0.3   0   0.0169971671388102   0   10.580195871508336   
0.319967957207   0.1   0   0.0226628895184136   0   10.580195871508336   
0.153885140558   0.0   0   0.0113314447592068   0   10.580195871508336   
0.652390487648   0.3   0   0.036827195467422094   0   11.197883868427866   
0.787905372796   0.3   1   0.0339943342776204   0   0   
