1.20018440046   0.7   1   0.07220216606498195   0   1.0   
0.383957801759   0.2   0   0.02527075812274368   0   1.0   
0.694856815461   0.3   0   0.04693140794223827   0   1.806225774829855   
0.974484691535   0.6   0   0.05776173285198556   0   2.7076135936958523   
0.163920710326   0.0   0   0.01444043321299639   0   2.7076135936958523   
1.15623545409   0.4   0   0.07942238267148015   2   3.4763197084816593   
0.385664340267   0.0   0   0.02888086642599278   0   3.4763197084816593   
1.04309818619   0.3   0   0.08303249097472924   0   3.311968735058991   
0.997025465662   0.4   0   0.06498194945848375   0   3.848158999797171   
0.744166430749   0.1   0   0.061371841155234655   0   4.398278604017351   
0.909865513455   0.5   0   0.05415162454873646   0   4.551930400918892   
0.640815790709   0.3   0   0.039711191335740074   0   4.551930400918892   
0.416876645805   0.0   0   0.036101083032490974   1   4.551930400918892   
0.924849798857   0.4   0   0.061371841155234655   1   4.996192059238211   
0.456389664215   0.1   0   0.036101083032490974   1   5.079373734026254   
0.629214811279   0.1   0   0.05054151624548736   0   5.924527988754771   
0.669300729777   0.2   0   0.04332129963898917   0   6.380963453342409   
0.832613803039   0.4   0   0.05054151624548736   0   7.226117708070926   
0.594983220202   0.2   0   0.036101083032490974   1   7.726117708070926   
0.216969605681   0.0   0   0.018050541516245487   0   7.726117708070926   
0.61665677636   0.4   0   0.032490974729241874   0   8.253163984765655   
0.42982939786   0.0   0   0.039711191335740074   0   8.253163984765655   
0.360399673512   0.3   0   0.01444043321299639   0   9.043733399807751   
0.978229276393   0.4   0   0.06498194945848375   1   9.043733399807751   
0.18095326688   0.0   0   0.01444043321299639   0   9.043733399807751   
0.648045264158   0.2   0   0.05054151624548736   2   9.46631052717201   
0.714132229749   0.2   1   0.04693140794223827   0   0   
