1.16071109496   0.4   1   0.0453257790368272   0   0   
0.29939763116   0.0   0   0.0169971671388102   0   0   
1.62298270726   0.6   0   0.0708215297450425   0   1.0   
1.90044170475   0.4   0   0.09631728045325778   2   1.0   
0.796389837433   0.4   0   0.042492917847025496   1   1.0   
1.07493019843   0.3   0   0.056657223796033995   0   1.0   
0.532514884814   0.3   0   0.019830028328611898   0   1.0   
0.828420039037   0.3   0   0.0339943342776204   0   1.0   
0.795048152789   0.4   0   0.0339943342776204   1   1.0   
0.634120205886   0.1   0   0.0339943342776204   1   1.0   
0.39206969221   0.1   0   0.019830028328611898   0   1.0   
0.471468878477   0.3   0   0.0226628895184136   0   1.0   
0.991345459769   0.3   0   0.053824362606232294   0   1.0   
0.332584144379   0.1   0   0.019830028328611898   0   1.0   
0.240397594509   0.1   0   0.0169971671388102   0   1.0   
0.980323143196   0.2   0   0.056657223796033995   1   1.8304547985374   
0.982476928348   0.3   0   0.039660056657223795   0   1.8304547985374   
0.737614917781   0.3   0   0.036827195467422094   0   1.8304547985374   
0.24549695843   0.0   0   0.0169971671388102   1   1.8304547985374   
0.264226704334   0.1   1   0.0169971671388102   0   0   
