1.60853246859   0.6   1   0.05099150141643059   2   1.0   
2.03945325503   0.4   0   0.07365439093484419   5   1.0   
0.146230366145   0.1   0   0.0028328611898017   0   1.0   
1.1293084037   0.3   0   0.039660056657223795   3   1.881917103688197   
0.192514045454   0.0   0   0.0084985835694051   0   1.881917103688197   
0.501146386004   0.1   0   0.019830028328611898   0   1.881917103688197   
0.739483949928   0.2   0   0.025495750708215296   0   1.881917103688197   
0.565558739563   0.1   0   0.0169971671388102   0   1.7112978063425608   
0.565770166882   0.3   0   0.0169971671388102   0   1.7112978063425608   
0.919137118207   0.3   0   0.025495750708215296   0   1.7112978063425608   
1.06373062675   0.3   0   0.0339943342776204   0   1.7112978063425608   
1.14405406835   0.3   0   0.042492917847025496   0   1.7112978063425608   
0.572535895753   0.1   0   0.0226628895184136   0   1.7112978063425608   
0.988129879797   0.1   0   0.036827195467422094   0   2.495762346895297   
0.629070923424   0.1   1   0.0226628895184136   0   0   
