4.66762286919   0.9   1   0.1162227602905569   9   1.0   
0.510795452099   0.1   0   0.01694915254237288   0   1.0   
2.24090813251   0.6   0   0.04600484261501211   2   1.9496559655300763   
0.624645865134   0.1   0   0.021791767554479417   0   2.3123118277140717   
2.24572029847   0.5   0   0.04600484261501211   1   3.261967793244148   
1.13571538223   0.4   0   0.031476997578692496   2   3.563715710117686   
1.54945312891   0.6   0   0.031476997578692496   2   3.952560325057051   
1.49300447677   0.6   0   0.026634382566585957   2   4.767896284813965   
1.51143510956   0.6   0   0.0387409200968523   4   5.218590194246963   
1.32641868808   0.4   1   0.026634382566585957   2   0   
