0.429612945675   0.2   1   0.024213075060532687   0   1.0   
0.168435869647   0.0   0   0.01937046004842615   0   1.0   
0.466177600008   0.3   0   0.0387409200968523   1   1.6324555320336758   
1.0416017132   0.3   0   0.09927360774818401   2   2.569498103365312   
0.466762566932   0.1   0   0.0387409200968523   0   3.069498103365312   
0.521129007152   0.2   0   0.04116222760290557   2   3.554569353437978   
0.863891823004   0.3   0   0.07506053268765134   2   3.9137799574915277   
0.543311079272   0.3   0   0.04116222760290557   1   4.398851207564194   
0.201693413057   0.0   0   0.01694915254237288   0   3.9095665873977565   
0.153624371922   0.0   0   0.014527845036319613   0   4.449628312265078   
0.383531610736   0.1   0   0.024213075060532687   0   4.867958325532116   
0.404597645772   0.2   0   0.029055690072639227   0   4.867958325532116   
0.71665103164   0.3   0   0.06295399515738499   3   5.117958325532117   
0.645174949843   0.3   0   0.0387409200968523   3   4.868812842785866   
0.600155973965   0.4   0   0.043583535108958835   0   5.104515103181382   
0.537783923093   0.2   0   0.043583535108958835   2   5.575919623972413   
0.972071431303   0.4   0   0.09200968523002422   2   6.0388296738586895   
0.107105550112   0.1   0   0.012106537530266344   0   6.0388296738586895   
0.42029018103   0.2   0   0.024213075060532687   0   6.3550574398755275   
0.594689716972   0.4   0   0.043583535108958835   0   6.3550574398755275   
0.318899256406   0.0   0   0.029055690072639227   0   6.3550574398755275   
0.322349050876   0.3   0   0.01937046004842615   0   6.3550574398755275   
0.336966090574   0.1   0   0.031476997578692496   0   6.3550574398755275   
0.485621397737   0.5   0   0.031476997578692496   0   6.3550574398755275   
0.337390600625   0.2   0   0.024213075060532687   0   6.3550574398755275   
0.542937723094   0.3   0   0.043583535108958835   1   6.3550574398755275   
0.199475928113   0.1   0   0.01694915254237288   0   6.3550574398755275   
0.471370914976   0.1   0   0.03389830508474576   0   6.94461190332074   
0.432005706681   0.2   0   0.03389830508474576   0   7.412319076667483   
0.42332328674   0.3   0   0.03389830508474576   1   7.880026250014226   
0.625820494403   0.2   1   0.048426150121065374   2   0   
