0.718519911728   0.4   1   0.048426150121065374   0   0   
0.624018933808   0.5   0   0.04116222760290557   2   1.0   
0.440947244448   0.1   0   0.03631961259079903   0   1.0   
0.451580123176   0.2   0   0.0387409200968523   0   1.0   
0.479584223602   0.2   0   0.043583535108958835   1   1.0   
0.179231386601   0.0   0   0.026634382566585957   0   1.0   
0.145162458766   0.2   0   0.01694915254237288   0   1.0   
0.099417358295   0.1   0   0.01694915254237288   0   1.0   
0.829027778632   0.6   0   0.0774818401937046   5   1.6859943405700355   
0.44259572299   0.2   0   0.03631961259079903   0   1.6859943405700355   
0.440814094603   0.3   0   0.05084745762711865   0   1.6859943405700355   
0.420784686358   0.2   0   0.024213075060532687   0   1.6859943405700355   
0.307021186902   0.2   0   0.0387409200968523   0   1.6859943405700355   
0.0872058082427   0.1   0   0.012106537530266344   0   1.6859943405700355   
0.649568511274   0.1   0   0.05084745762711865   0   1.6859943405700355   
0.667802562546   0.3   0   0.048426150121065374   0   1.6859943405700355   
0.364744570479   0.2   0   0.024213075060532687   0   1.6859943405700355   
0.371002412004   0.3   0   0.0387409200968523   0   1.6859943405700355   
0.447056144493   0.2   0   0.05084745762711865   0   1.6859943405700355   
0.612434108596   0.3   0   0.07506053268765134   0   1.6859943405700355   
0.194958868753   0.1   0   0.01937046004842615   1   1.6859943405700355   
0.190128543904   0.1   0   0.01937046004842615   0   1.6859943405700355   
0.409741679869   0.3   0   0.021791767554479417   2   1.89413352344441   
0.474767450475   0.2   0   0.04116222760290557   0   1.89413352344441   
0.393928525942   0.2   0   0.021791767554479417   0   1.89413352344441   
0.163652692709   0.1   0   0.01937046004842615   0   1.89413352344441   
0.146796081891   0.1   0   0.014527845036319613   0   1.89413352344441   
0.199206923756   0.1   0   0.009685230024213076   0   1.89413352344441   
0.151696379868   0.1   0   0.01694915254237288   0   1.89413352344441   
0.382119555564   0.3   0   0.03631961259079903   4   2.281431858065152   
0.199638795843   0.1   0   0.012106537530266344   0   2.281431858065152   
0.368692511794   0.2   0   0.04600484261501211   4   2.6255554588709944   
0.241334415011   0.1   0   0.029055690072639227   0   2.6255554588709944   
0.139279808315   0.0   0   0.01694915254237288   0   2.6255554588709944   
0.103675810568   0.0   0   0.012106537530266344   0   2.6255554588709944   
0.218977334702   0.2   0   0.01937046004842615   3   3.155885544760905   
0.3706448352   0.2   0   0.029055690072639227   0   3.4294018250658094   
0.373366795391   0.1   0   0.029055690072639227   0   3.4294018250658094   
0.0363469089422   0.0   0   0.004842615012106538   0   3.4294018250658094   
0.0794775959754   0.0   0   0.012106537530266344   0   3.4294018250658094   
0.141611911317   0.1   0   0.01694915254237288   1   3.4294018250658094   
0.300805372588   0.2   0   0.014527845036319613   0   3.4294018250658094   
0.272285111201   0.1   0   0.03631961259079903   0   3.4294018250658094   
0.19491948925   0.1   0   0.029055690072639227   2   3.4294018250658094   
0.376596397059   0.2   0   0.03389830508474576   0   3.4294018250658094   
0.140877534803   0.1   0   0.01694915254237288   0   3.4294018250658094   
0.514232209236   0.4   0   0.048426150121065374   2   4.167950770941805   
0.773634825134   0.2   0   0.05811138014527845   10   5.001284104275139   
0.505861097333   0.3   0   0.04600484261501211   8   5.501155693847625   
0.30634316947   0.2   1   0.03631961259079903   3   0   
