0.774529220906   0.7   1   0.043583535108958835   1   1.0   
0.142589029487   0.1   0   0.009685230024213076   0   1.0   
0.876617959807   0.4   0   0.043583535108958835   0   1.5   
1.02899033267   0.4   0   0.05569007263922518   2   1.9242640687119286   
0.30569386966   0.0   0   0.021791767554479417   0   2.3606601717798212   
0.21523805921   0.0   0   0.01937046004842615   1   2.3606601717798212   
0.428142973148   0.1   0   0.026634382566585957   0   2.8129271886464666   
0.232462396358   0.0   0   0.01937046004842615   0   2.8129271886464666   
0.0221409555365   0.0   0   0.002421307506053269   0   2.8129271886464666   
0.661504852864   0.4   0   0.026634382566585957   0   3.265194205513112   
0.722319592091   0.2   0   0.048426150121065374   2   3.265194205513112   
0.618496218867   0.4   0   0.024213075060532687   0   3.265194205513112   
0.255299636817   0.1   0   0.01694915254237288   0   3.265194205513112   
0.47980673539   0.2   0   0.026634382566585957   0   3.265194205513112   
1.09556675285   0.4   0   0.07263922518159806   0   3.265194205513112   
0.651468447082   0.3   0   0.03389830508474576   0   3.666086068381748   
0.715604023741   0.4   0   0.031476997578692496   1   4.498136362719592   
0.431654887753   0.2   0   0.024213075060532687   0   4.498136362719592   
0.661197390112   0.3   0   0.031476997578692496   0   4.914161509888514   
0.697026602273   0.4   0   0.03631961259079903   0   5.301459844509256   
0.159832354077   0.1   0   0.012106537530266344   0   5.301459844509256   
0.325132895701   0.1   0   0.012106537530266344   0   5.301459844509256   
0.636405727119   0.3   0   0.04116222760290557   0   6.029066719618254   
0.509136034942   0.2   0   0.043583535108958835   0   6.029066719618254   
0.985596517649   0.6   0   0.06053268765133172   1   6.329066719618254   
0.337684451222   0.2   0   0.009685230024213076   0   6.329066719618254   
0.224964805661   0.0   0   0.01937046004842615   0   6.859396805508164   
0.0555623740788   0.0   0   0.004842615012106538   0   6.859396805508164   
0.442202413365   0.1   1   0.029055690072639227   0   0   
