0.59419279539   0.3   1   0.043583535108958835   1   0   
0.451129455411   0.2   0   0.031476997578692496   0   0   
0.674769287932   0.4   0   0.043583535108958835   5   1.0   
1.0612592268   0.4   0   0.06537530266343826   2   1.829993306532582   
0.535165067556   0.2   0   0.05084745762711865   4   1.829993306532582   
0.342201118043   0.1   0   0.026634382566585957   0   2.3895746796422603   
0.605579355561   0.4   0   0.03389830508474576   0   3.381606425166054   
0.731484210515   0.4   0   0.053268765133171914   2   4.109558710631612   
0.106277606503   0.1   0   0.014527845036319613   0   4.109558710631612   
0.219049499688   0.0   0   0.031476997578692496   0   4.624298708064554   
0.727357974178   0.3   0   0.043583535108958835   0   4.523719139266092   
0.450675793591   0.2   0   0.031476997578692496   0   5.3081836798188275   
1.53876225645   0.7   0   0.09200968523002422   5   5.962837350526804   
0.146667398299   0.1   0   0.012106537530266344   2   5.962837350526804   
0.501462199107   0.2   0   0.04600484261501211   1   5.962837350526804   
0.559362570735   0.4   0   0.029055690072639227   0   6.779333931454531   
1.0589904524   0.6   0   0.05811138014527845   2   7.295731710948853   
0.345091231864   0.2   0   0.01937046004842615   1   7.295731710948853   
0.245224019776   0.2   0   0.014527845036319613   0   7.295731710948853   
0.425653536228   0.0   0   0.04600484261501211   0   7.295731710948853   
0.468554647837   0.3   0   0.048426150121065374   0   7.295731710948853   
0.391800609286   0.3   0   0.029055690072639227   0   7.295731710948853   
0.282729413117   0.1   0   0.021791767554479417   0   7.295731710948853   
0.275891441456   0.1   0   0.026634382566585957   0   7.295731710948853   
0.697580736262   0.4   0   0.05569007263922518   0   7.295731710948853   
0.666043170117   0.2   0   0.043583535108958835   0   7.295731710948853   
0.758238546276   0.5   0   0.03631961259079903   1   8.026028454289074   
0.815050248484   0.5   0   0.043583535108958835   0   8.974711752339587   
0.438371300012   0.2   0   0.03631961259079903   2   9.70500849567981   
0.565346239952   0.3   0   0.04600484261501211   1   10.029451337941335   
0.490305776278   0.3   0   0.031476997578692496   0   10.029451337941335   
0.323372161232   0.1   0   0.03631961259079903   0   10.759748081281556   
0.453797753408   0.2   0   0.024213075060532687   0   11.654175272281472   
0.651966078388   0.3   0   0.06053268765133172   5   11.654175272281472   
0.517773972817   0.3   0   0.031476997578692496   0   11.654175272281472   
0   0.0   0   0.0   0   11.654175272281472   
0.319848772423   0.2   0   0.014527845036319613   0   11.654175272281472   
0.315913421041   0.2   1   0.012106537530266344   0   0   
