1.1311550009   0.4   1   0.05569007263922518   0   0   
1.43159292232   0.6   0   0.048426150121065374   0   1.0   
2.01364158451   0.5   0   0.09685230024213075   7   1.0   
0.473410246567   0.2   0   0.021791767554479417   0   1.0   
0.260461604554   0.1   0   0.009685230024213076   0   1.0   
0.668603329047   0.1   0   0.029055690072639227   0   1.7745966692414832   
1.00321818568   0.2   0   0.04116222760290557   1   2.614764719658289   
0.536469145801   0.2   0   0.01937046004842615   0   3.1349464535314375   
0.497613019535   0.1   0   0.01937046004842615   0   4.1349464535314375   
0.899063478232   0.5   0   0.031476997578692496   0   4.919410994084174   
1.72831278689   0.4   0   0.07263922518159806   3   5.792282555028144   
0.537921935217   0.2   0   0.021791767554479417   0   6.735091596610206   
0.58197382154   0.3   0   0.01937046004842615   1   7.629518787610122   
0.61662080474   0.1   0   0.026634382566585957   0   5.862883147168347   
0.560331589564   0.1   1   0.031476997578692496   0   0   
