0.868296909823   0.5   1   0.053268765133171914   1   0   
0.334465710516   0.1   0   0.026634382566585957   1   0   
0.474409390209   0.2   0   0.04116222760290557   0   0   
0.122466479302   0.0   0   0.01937046004842615   0   0   
0.0551112269199   0.0   0   0.007263922518159807   0   0   
0.769004181258   0.6   0   0.06295399515738499   0   0   
0.651206236205   0.6   0   0.031476997578692496   0   0   
0.0499478917383   0.0   0   0.007263922518159807   0   0   
0.178569811316   0.1   0   0.01937046004842615   0   0   
0.271693580393   0.1   0   0.01937046004842615   0   0   
0.298106369488   0.2   0   0.024213075060532687   0   0   
0.370158829115   0.1   0   0.03389830508474576   0   0   
0.33642104234   0.4   0   0.021791767554479417   0   0   
0.702128106281   0.5   0   0.04116222760290557   0   0   
0.714034180933   0.3   0   0.06053268765133172   0   0   
0.724605182233   0.4   0   0.04116222760290557   0   0   
0.14062372263   0.1   0   0.009685230024213076   0   0   
0.351666137832   0.2   0   0.024213075060532687   0   0   
0.470715130604   0.1   0   0.06053268765133172   6   0   
0.20999296786   0.1   0   0.024213075060532687   0   0   
0.323889262823   0.2   0   0.029055690072639227   0   1.0   
0.0439591307356   0.0   0   0.004842615012106538   0   1.0   
0.0945679860131   0.0   0   0.014527845036319613   0   1.0   
0.313351901336   0.1   0   0.03631961259079903   2   1.0   
0.263959056778   0.0   0   0.04116222760290557   1   1.0   
0.0548032594129   0.0   0   0.007263922518159807   0   1.0   
0.395310832917   0.4   0   0.031476997578692496   0   1.0   
0.167288077772   0.1   0   0.021791767554479417   2   1.0   
0.335724115724   0.2   0   0.021791767554479417   0   1.0   
0.0461965072468   0.0   0   0.009685230024213076   0   1.0   
0.538255312421   0.3   0   0.048426150121065374   0   1.0   
0.320242394585   0.2   0   0.03389830508474576   0   1.0   
0.201529051227   0.2   0   0.014527845036319613   0   1.0   
0.449984757443   0.2   0   0.048426150121065374   4   1.7385489458759962   
0.227392492338   0.1   0   0.026634382566585957   0   1.7385489458759962   
0.203150574842   0.0   0   0.031476997578692496   0   1.7385489458759962   
0.386685116862   0.1   0   0.04116222760290557   2   1.7385489458759962   
0.359449169362   0.1   0   0.03631961259079903   1   1.7385489458759962   
0.354273100562   0.1   0   0.04116222760290557   0   1.7385489458759962   
0.322176327411   0.2   0   0.03389830508474576   0   1.7385489458759962   
0.15064380792   0.1   0   0.01694915254237288   0   1.7385489458759962   
0.270655204868   0.2   0   0.026634382566585957   0   1.7385489458759962   
0.329019161507   0.4   0   0.026634382566585957   0   1.7385489458759962   
0.197281793851   0.1   0   0.026634382566585957   3   1.7385489458759962   
0.416418270519   0.2   0   0.05084745762711865   0   1.7385489458759962   
0.457429046172   0.3   0   0.04116222760290557   0   1.7385489458759962   
0.175516438177   0.1   0   0.021791767554479417   0   1.7385489458759962   
0.284676319266   0.1   0   0.026634382566585957   0   1.7385489458759962   
0.436442924972   0.3   0   0.03389830508474576   0   1.7385489458759962   
0.140875179534   0.0   0   0.024213075060532687   1   2.587070791638519   
0.057287251771   0.0   0   0.009685230024213076   0   2.587070791638519   
0.161209132516   0.1   0   0.009685230024213076   0   2.587070791638519   
0.0647455229453   0.0   1   0.009685230024213076   1   0   
