0.752560154213   0.3   1   0.03389830508474576   0   0   
1.68155193839   0.6   0   0.0774818401937046   3   1.0   
1.05163186203   0.3   0   0.05084745762711865   0   1.2468853599393472   
0.935990934614   0.3   0   0.04600484261501211   0   1.7406560798180415   
0.675012423452   0.3   0   0.029055690072639227   0   2.345399236632805   
1.00929872381   0.5   0   0.04600484261501211   0   2.839169956511499   
1.30775475379   0.1   0   0.05811138014527845   1   3.252288180106957   
1.68352620187   0.6   0   0.06779661016949153   3   4.052288180106957   
1.54882188888   0.5   0   0.06779661016949153   3   4.878524627297873   
1.17934172657   0.3   0   0.05569007263922518   0   5.104798797277568   
0.80709347006   0.1   0   0.04600484261501211   0   5.623907344896007   
0.692160305072   0.2   0   0.0387409200968523   0   5.623907344896007   
1.10449076538   0.3   1   0.043583535108958835   0   0   
