1.38111086137   0.7   1   0.04600484261501211   0   1.0   
1.48046109697   0.5   0   0.048426150121065374   1   1.6195469181897235   
0.592611292507   0.2   0   0.021791767554479417   2   1.6195469181897235   
0.94375632553   0.4   0   0.03389830508474576   0   2.0426583240679466   
0.554463036732   0.2   0   0.026634382566585957   0   2.888772436294596   
0.391319480394   0.1   0   0.014527845036319613   0   2.888772436294596   
0.493791888375   0.2   0   0.014527845036319613   1   3.270653744207583   
0.137455028605   0.0   0   0.009685230024213076   2   3.270653744207583   
1.52644374035   0.5   0   0.05084745762711865   0   3.4657011186089566   
0.467961411731   0.2   0   0.024213075060532687   0   3.761505107763937   
0.8064613776   0.2   0   0.04116222760290557   0   3.761505107763937   
0.502376324068   0.1   0   0.021791767554479417   0   4.073309889995098   
0.350506851409   0.1   0   0.01937046004842615   0   4.073309889995098   
1.28824632138   0.4   0   0.043583535108958835   2   4.671602916408198   
1.37645862127   0.1   0   0.07021791767554479   0   4.839608292666259   
0.762912886242   0.3   0   0.029055690072639227   2   5.109639155099921   
0.615629448867   0.3   0   0.026634382566585957   0   5.529211025969033   
1.00984437828   0.5   1   0.0387409200968523   0   0   
