0.758093512369   0.2   1   0.05569007263922518   0   1.0   
1.22895699739   0.5   0   0.07990314769975787   0   1.6341718324267316   
0.315555341323   0.1   0   0.021791767554479417   0   1.6341718324267316   
0.540680659673   0.3   0   0.03389830508474576   0   2.4470151664796633   
0.465568196523   0.4   0   0.029055690072639227   0   3.3249863125507244   
0.560649315129   0.5   0   0.031476997578692496   0   3.3249863125507244   
0.088989854074   0.0   0   0.014527845036319613   0   3.3249863125507244   
0.292990381739   0.3   0   0.01694915254237288   0   3.892464353781572   
0.423022210929   0.1   0   0.0387409200968523   1   3.892464353781572   
0.394092981612   0.1   0   0.031476997578692496   0   4.626263739486915   
0.156839851714   0.1   0   0.009685230024213076   0   4.626263739486915   
0.353912254792   0.2   0   0.03389830508474576   1   4.626263739486915   
0.350473854571   0.1   0   0.026634382566585957   0   4.626263739486915   
0.175753251388   0.0   0   0.024213075060532687   0   4.626263739486915   
0.154009475608   0.0   0   0.024213075060532687   0   4.626263739486915   
0.984167667171   0.5   0   0.06295399515738499   3   4.626263739486915   
0.48428838381   0.5   0   0.03631961259079903   0   5.309393790550888   
0.38281117449   0.1   0   0.0387409200968523   0   5.970831618317036   
0.731557174456   0.3   0   0.05811138014527845   2   5.970831618317036   
0.807207326469   0.6   0   0.053268765133171914   0   6.5108933431843585   
0.548265373991   0.3   0   0.03631961259079903   1   6.5108933431843585   
0.0670472706687   0.0   0   0.009685230024213076   1   6.5108933431843585   
0.600258154589   0.4   0   0.043583535108958835   0   6.5108933431843585   
0.33076035657   0.3   0   0.024213075060532687   0   7.274655959010332   
0.731445432422   0.2   0   0.05569007263922518   1   7.274655959010332   
1.33206912746   0.5   0   0.09927360774818401   2   7.645135245827806   
1.11828539849   0.5   0   0.09200968523002422   1   7.9925394127176315   
0.93898469379   0.2   0   0.07990314769975787   1   8.43975300821759   
0.413235990894   0.3   0   0.026634382566585957   0   9.237477043435057   
0.155085787618   0.0   0   0.021791767554479417   1   9.237477043435057   
0.0864958152439   0.1   0   0.009685230024213076   0   7.98287628531353   
0.882553489023   0.3   0   0.048426150121065374   0   7.98287628531353   
0.225144424216   0.1   0   0.026634382566585957   0   5.797111628730573   
0.201379991749   0.2   0   0.01937046004842615   0   6.2220299215299715   
0.225594333677   0.1   0   0.01937046004842615   0   7.071866507128768   
0.419771904597   0.2   0   0.029055690072639227   0   7.765755173617479   
0.216724419417   0.1   1   0.01937046004842615   0   0   
