0.908364765473   0.3   1   0.04600484261501211   1   0   
0.659725102283   0.3   0   0.029055690072639227   1   0   
0.36751088382   0.1   0   0.01937046004842615   0   0   
1.04215815802   0.3   0   0.05569007263922518   0   0   
0.862441723634   0.1   0   0.043583535108958835   0   0   
0.886785069707   0.0   0   0.05569007263922518   0   0   
0.449735167267   0.1   0   0.024213075060532687   0   0   
0.512142720412   0.1   0   0.024213075060532687   0   0   
0.517816174744   0.3   0   0.026634382566585957   0   0   
0.140516835992   0.0   0   0.009685230024213076   1   0   
0.654907630767   0.5   0   0.029055690072639227   1   0   
0.456777972719   0.1   0   0.026634382566585957   0   1.0   
0.64671038768   0.3   0   0.026634382566585957   4   1.0   
0.339421295347   0.2   0   0.01937046004842615   2   1.0   
0.666087412252   0.4   0   0.031476997578692496   0   1.0   
0.519379193843   0.4   0   0.024213075060532687   0   1.0   
0.257219996205   0.2   0   0.009685230024213076   0   1.0   
0.388224541994   0.1   0   0.024213075060532687   0   1.0   
0.923592966594   0.1   0   0.053268765133171914   1   1.338501600193165   
0.0725322753673   0.0   0   0.004842615012106538   0   1.338501600193165   
0.293881581419   0.0   1   0.01937046004842615   0   0   
