2.03179957187   0.6   1   0.059490084985835696   0   0   
2.45312978752   0.7   0   0.0679886685552408   0   1.0   
0.716112084443   0.4   0   0.0339943342776204   0   1.0   
3.08460067676   0.9   0   0.10198300283286119   3   1.0   
2.35003331918   0.8   0   0.0821529745042493   4   1.9851843661437778   
1.98587858319   0.6   0   0.056657223796033995   0   1.9851843661437778   
1.95634929989   0.7   0   0.059490084985835696   0   1.9851843661437778   
0.926764987298   0.3   0   0.031161473087818695   0   1.9851843661437778   
0.88212637494   0.3   0   0.04815864022662889   0   1.9851843661437778   
1.32028029643   0.3   0   0.07365439093484419   0   1.9851843661437778   
1.39201725273   0.3   0   0.07365439093484419   0   1.9851843661437778   
0.677986168336   0.2   0   0.042492917847025496   0   1.9851843661437778   
1.86242989481   0.5   0   0.059490084985835696   0   1.5759604018303446   
2.72984069288   0.5   0   0.07365439093484419   0   1.5759604018303446   
0.671693160706   0.4   0   0.025495750708215296   0   1.5759604018303446   
1.47569440863   0.5   0   0.056657223796033995   6   1.9312949290896952   
0.756838712773   0.3   0   0.028328611898016998   1   1.9312949290896952   
0.180156440518   0.0   1   0.0113314447592068   0   0   
