0.253959410633   0.0   1   0.01937046004842615   0   0   
0.886248542725   0.7   0   0.048426150121065374   0   1.0   
0.659778271234   0.3   0   0.0387409200968523   0   1.8944271909999157   
0.102787991213   0.0   0   0.009685230024213076   0   1.8944271909999157   
0.100631579783   0.0   0   0.009685230024213076   0   1.8944271909999157   
0.525426616685   0.4   0   0.031476997578692496   0   2.7076135936958523   
0.519735249759   0.3   0   0.029055690072639227   0   3.6013909958564447   
0.996827373206   0.3   0   0.053268765133171914   2   3.6505520051292017   
0.521552651485   0.2   0   0.029055690072639227   0   4.386532077323189   
0.505347860535   0.4   0   0.0387409200968523   0   4.386532077323189   
0.412535120845   0.2   0   0.05084745762711865   0   4.386532077323189   
0.678432482095   0.5   0   0.048426150121065374   0   4.9069485771897225   
0.328545047266   0.1   0   0.014527845036319613   0   5.714443698891336   
0.473713826213   0.3   0   0.026634382566585957   0   6.452992644767332   
0.759724317095   0.2   0   0.05084745762711865   0   6.963746563222582   
0.244623290385   0.1   0   0.01937046004842615   0   6.963746563222582   
1.25991499151   0.4   0   0.07506053268765134   4   7.748211103775318   
0.113841744031   0.1   0   0.009685230024213076   0   7.748211103775318   
0.383605998582   0.2   0   0.014527845036319613   0   8.748211103775319   
0.313220541912   0.2   0   0.024213075060532687   0   8.748211103775319   
0.80930111768   0.4   0   0.048426150121065374   0   9.295933661280484   
0.964574934013   0.3   0   0.05084745762711865   0   10.100207874464864   
0.157552803449   0.0   0   0.01937046004842615   0   10.100207874464864   
0.487379618428   0.3   0   0.021791767554479417   0   7.318116780396082   
0.755446036937   0.4   0   0.043583535108958835   0   8.02522356158263   
0.0989316735243   0.1   0   0.007263922518159807   0   8.02522356158263   
0.502791537688   0.1   0   0.029055690072639227   0   8.458236263474848   
0.284047094604   0.2   0   0.021791767554479417   0   8.458236263474848   
0.0515240009475   0.0   0   0.004842615012106538   0   8.458236263474848   
0.879732275935   0.4   0   0.053268765133171914   0   8.778037338008264   
0.226414698581   0.2   0   0.01694915254237288   0   8.778037338008264   
0.269689153028   0.2   0   0.01694915254237288   0   9.344984047522104   
0.354575451177   0.2   0   0.009685230024213076   0   7.2299893650147355   
0.0548806458897   0.0   0   0.004842615012106538   0   7.2299893650147355   
0.35793209612   0.2   1   0.009685230024213076   0   0   
