1.14991421525   0.6   1   0.04815864022662889   0   1.0   
1.38331740944   0.4   0   0.0764872521246459   4   1.0   
0.0745582458962   0.0   0   0.0028328611898017   0   1.0   
0.635211045413   0.4   0   0.025495750708215296   0   1.6882472016116854   
0.259471807697   0.1   0   0.014164305949008499   0   1.6882472016116854   
0.169911139355   0.0   0   0.0084985835694051   0   1.6882472016116854   
0.416690130307   0.1   0   0.0226628895184136   0   2.5916947261051138   
1.13442905805   0.3   0   0.039660056657223795   0   3.048914583584602   
0.635586455645   0.2   0   0.0339943342776204   0   2.5744527208309447   
0.443874393334   0.2   0   0.019830028328611898   0   3.0108885013029294   
0.309210594106   0.0   0   0.019830028328611898   0   3.0108885013029294   
1.17729800518   0.2   0   0.06232294617563739   2   3.2373439081318485   
0.171986550005   0.0   0   0.0113314447592068   0   3.2373439081318485   
0.965282101322   0.2   0   0.05099150141643059   1   3.4955427978790095   
0.0497054972641   0.0   0   0.0028328611898017   0   3.4955427978790095   
0.895527127709   0.3   0   0.036827195467422094   0   3.7936851948789814   
1.03112242731   0.4   0   0.0453257790368272   1   3.7936851948789814   
0.274478157259   0.0   0   0.0169971671388102   0   3.7936851948789814   
1.23725130536   0.6   0   0.04815864022662889   0   4.045661510218466   
0.363745266892   0.2   0   0.019830028328611898   0   4.045661510218466   
0.639435149379   0.1   1   0.039660056657223795   0   0   
