1.02030062826   0.5   1   0.03389830508474576   0   1.0   
1.16777216928   0.4   0   0.03631961259079903   0   1.9660917830792957   
0.789336952331   0.1   0   0.03389830508474576   0   2.4337989564260383   
2.67819685156   0.5   0   0.08716707021791767   4   2.997875031243805   
0.962221275413   0.3   0   0.021791767554479417   0   3.621484595706128   
0.798410313669   0.2   0   0.026634382566585957   1   4.1403591173689   
1.24091585986   0.5   0   0.043583535108958835   0   5.022276221057096   
0.691692348017   0.1   0   0.024213075060532687   0   5.022276221057096   
1.88406465414   0.6   0   0.04600484261501211   4   5.291501177146607   
1.01854910258   0.4   0   0.03631961259079903   0   6.117020093635794   
1.1657937829   0.3   0   0.03389830508474576   0   5.772434833696423   
0.963403546602   0.2   0   0.0387409200968523   1   6.084239615927584   
1.11985392796   0.3   0   0.03631961259079903   0   6.386734686918594   
0.953104093608   0.4   1   0.031476997578692496   0   0   
