0.85896849143   0.2   1   0.04600484261501211   0   1.0   
0.779896009194   0.4   0   0.06053268765133172   1   1.0   
0.738543244438   0.3   0   0.04600484261501211   1   1.4777665429529547   
0.848608639298   0.4   0   0.07506053268765134   0   1.4777665429529547   
0.550109997187   0.1   0   0.0387409200968523   0   2.050588504822435   
0.492213520999   0.1   0   0.04116222760290557   0   2.050588504822435   
0.446127273492   0.2   0   0.029055690072639227   0   2.7120263325885823   
0.594019656832   0.4   0   0.03389830508474576   0   3.2848482944580626   
0.276960457507   0.2   0   0.021791767554479417   0   3.2848482944580626   
0.508756709913   0.4   0   0.026634382566585957   0   3.9756975741658196   
0.0342231325489   0.0   0   0.004842615012106538   0   3.9756975741658196   
0.349314472479   0.2   0   0.01694915254237288   0   4.841722977950258   
0.365057203514   0.1   0   0.03389830508474576   1   4.841722977950258   
0.550444078288   0.2   0   0.021791767554479417   0   5.532572257658016   
0.942702281078   0.4   0   0.04600484261501211   0   6.488105343563924   
0.249214702565   0.0   0   0.024213075060532687   0   6.488105343563924   
0.296089312157   0.0   0   0.029055690072639227   0   6.488105343563924   
0.0757930726608   0.0   0   0.007263922518159807   0   6.488105343563924   
0.348049648218   0.0   0   0.031476997578692496   0   6.488105343563924   
0.364167889531   0.0   0   0.031476997578692496   0   6.488105343563924   
0.659662767032   0.4   0   0.03389830508474576   0   7.10047777925972   
0.515503003176   0.3   0   0.03389830508474576   1   7.712850214955514   
0.45492609047   0.3   0   0.026634382566585957   0   8.403699494663272   
0.157298998672   0.1   0   0.014527845036319613   0   8.403699494663272   
0.387634951456   0.2   0   0.03389830508474576   0   8.403699494663272   
0.0930218093396   0.1   0   0.004842615012106538   0   8.403699494663272   
0.0475247741969   0.0   0   0.004842615012106538   0   8.403699494663272   
0.493847683713   0.1   0   0.029055690072639227   0   9.065137322429418   
0.382026992134   0.0   0   0.0387409200968523   1   9.6379592842989   
0.287632188052   0.0   0   0.026634382566585957   0   9.6379592842989   
0.314169071344   0.1   1   0.014527845036319613   0   0   
