0.926558783709   0.5   1   0.03631961259079903   2   1.0   
0.476381790805   0.1   0   0.024213075060532687   0   1.0   
0.653680312524   0.2   0   0.03389830508474576   4   1.4841229182759272   
0.475587791015   0.2   0   0.029055690072639227   2   1.4841229182759272   
0.648442763372   0.1   0   0.03389830508474576   0   2.001672087782693   
0.7283411983   0.1   0   0.03631961259079903   0   2.001672087782693   
0.538225797649   0.3   0   0.029055690072639227   0   2.001672087782693   
0.647026121819   0.0   0   0.03389830508474576   1   2.001672087782693   
1.07220092197   0.8   0   0.0387409200968523   3   2.4857950060586202   
0.735400323051   0.5   0   0.026634382566585957   2   2.4857950060586202   
0.735381272844   0.3   0   0.03389830508474576   3   2.4857950060586202   
1.13658268857   0.5   0   0.04600484261501211   5   3.2933678591458686   
0.424035514602   0.1   0   0.024213075060532687   0   3.9057402948416633   
0.495035576612   0.3   0   0.01694915254237288   2   3.9057402948416633   
0.37659166261   0.2   0   0.01694915254237288   0   3.9057402948416633   
0.284252539847   0.1   0   0.01937046004842615   0   3.9057402948416633   
1.95280883772   0.6   0   0.07506053268765134   10   3.2131746862996375   
0.977403403883   0.4   0   0.03389830508474576   2   4.1058654120348965   
0.565042789135   0.2   1   0.026634382566585957   0   0   
