0.207268068797   0.0   1   0.026634382566585957   0   0   
0.475864191312   0.2   0   0.043583535108958835   0   0   
0.250700872154   0.0   0   0.029055690072639227   0   0   
0.376451388049   0.1   0   0.04116222760290557   1   0   
0.382240076032   0.2   0   0.04116222760290557   1   0   
0.252032610404   0.1   0   0.026634382566585957   0   0   
0.450841361473   0.3   0   0.04116222760290557   2   0   
0.312272165227   0.2   0   0.024213075060532687   0   0   
0.291221580381   0.1   0   0.03389830508474576   0   0   
0.572881759602   0.2   0   0.05811138014527845   1   0   
0.172824008433   0.0   0   0.01694915254237288   0   0   
0.361553304487   0.3   0   0.029055690072639227   0   0   
0.083108540524   0.0   0   0.01694915254237288   0   0   
0.341411824718   0.2   0   0.03389830508474576   0   0   
0.17477530644   0.1   0   0.014527845036319613   0   0   
0.197093582949   0.0   0   0.031476997578692496   0   0   
0.373311026968   0.1   0   0.043583535108958835   1   0   
0.275991620487   0.1   0   0.03631961259079903   2   0   
0.504589817765   0.2   0   0.05569007263922518   0   0   
0.282366907391   0.3   0   0.031476997578692496   1   0   
0.182774573127   0.1   0   0.021791767554479417   0   0   
0.122259362696   0.1   0   0.012106537530266344   2   0   
0.105713493043   0.1   0   0.014527845036319613   2   0   
0.0158723436642   0.0   0   0.002421307506053269   0   0   
0.172286388399   0.2   0   0.009685230024213076   0   0   
0.108363839406   0.1   0   0.012106537530266344   0   0   
0.131206415164   0.0   0   0.01694915254237288   2   0   
0.266704143108   0.1   0   0.03389830508474576   0   0   
0.244259576019   0.2   0   0.026634382566585957   0   0   
0.331871060002   0.3   0   0.0387409200968523   0   0   
0.307548568134   0.2   0   0.04116222760290557   0   0   
0.326720077571   0.1   0   0.04116222760290557   0   0   
0.135716623272   0.1   0   0.01694915254237288   1   0   
0.0803402545594   0.0   0   0.014527845036319613   0   0   
0.382034017067   0.4   0   0.024213075060532687   0   0   
0.116135049003   0.0   0   0.012106537530266344   0   0   
0.192153902624   0.0   0   0.029055690072639227   2   0   
0.246656730466   0.2   0   0.021791767554479417   2   0   
0.077996013031   0.0   0   0.012106537530266344   0   0   
0.367238179794   0.1   0   0.05084745762711865   1   0   
0.274950674013   0.0   0   0.04116222760290557   0   0   
0.341261173735   0.1   0   0.03389830508474576   0   0   
0.278231899856   0.2   0   0.029055690072639227   0   0   
0.445560685075   0.2   0   0.048426150121065374   0   0   
0.467174818602   0.1   0   0.05084745762711865   1   0   
0.349748274776   0.2   0   0.029055690072639227   0   1.0   
0.15986404788   0.1   0   0.014527845036319613   0   1.0   
0.316065665984   0.3   0   0.029055690072639227   0   1.0   
0.271994209369   0.0   0   0.04116222760290557   0   1.8401680504168059   
0.334793968108   0.3   0   0.024213075060532687   0   1.8401680504168059   
0.37979481937   0.4   0   0.0387409200968523   4   1.8401680504168059   
0.0982510122342   0.0   0   0.014527845036319613   0   1.8401680504168059   
0.443653845004   0.3   0   0.03631961259079903   0   1.8401680504168059   
0.381372629677   0.1   0   0.03631961259079903   0   1.8401680504168059   
0.289139285159   0.1   0   0.03631961259079903   0   1.8401680504168059   
0.0802756549568   0.0   0   0.01694915254237288   0   1.8401680504168059   
0.328174991177   0.2   0   0.03631961259079903   2   1.8401680504168059   
0.240505348356   0.1   0   0.024213075060532687   0   1.8401680504168059   
0.0527726006934   0.0   0   0.007263922518159807   0   1.8401680504168059   
0.0731480831662   0.0   1   0.012106537530266344   0   0   
