1.48173697719   0.8   1   0.05569007263922518   0   1.0   
1.4485311325   0.7   0   0.06053268765133172   7   1.4795831523312721   
3.1505154762   0.9   0   0.1234866828087167   6   2.21872715230377   
1.23635816917   0.3   0   0.04116222760290557   0   2.898424367314665   
2.07720919433   0.4   0   0.06537530266343826   0   3.8725644747678736   
1.36883215751   0.4   0   0.05569007263922518   0   4.662626200751482   
0.973255578316   0.3   0   0.05084745762711865   0   4.878133204501919   
1.08272111883   0.3   0   0.05084745762711865   0   5.495905421485893   
0.294100041922   0.1   0   0.014527845036319613   0   5.845066673985241   
0.587480372176   0.2   0   0.03631961259079903   0   5.845066673985241   
0.705546974412   0.3   0   0.01694915254237288   0   6.591604833750629   
0.922052267397   0.3   0   0.0387409200968523   4   6.8243790020835275   
1.39426106598   0.6   0   0.05084745762711865   9   7.394556939799847   
3.08336553184   0.3   0   0.09685230024213075   5   8.376093813353938   
1.18548021554   0.5   0   0.04600484261501211   4   8.993866030337912   
0.992540131095   0.4   1   0.0387409200968523   0   0   
