0.837454750717   0.4   1   0.04600484261501211   1   0   
0.797468978929   0.2   0   0.04116222760290557   3   0   
0.708135602432   0.2   0   0.04116222760290557   2   0   
0.5941040818   0.3   0   0.029055690072639227   1   0   
0.655508848372   0.3   0   0.0387409200968523   0   1.0   
0.769641291404   0.3   0   0.03631961259079903   0   1.0   
0.608757931337   0.1   0   0.03631961259079903   0   1.0   
0.295615255886   0.1   0   0.014527845036319613   0   1.0   
1.0572795525   0.3   0   0.06053268765133172   0   1.0   
1.10425169986   0.4   0   0.05811138014527845   3   1.0   
0.465372872428   0.4   0   0.021791767554479417   0   1.25   
0.568787164046   0.4   0   0.031476997578692496   1   1.804700196225229   
1.8346293994   0.6   0   0.09443099273607748   2   2.2332716247966573   
0.812045609796   0.2   0   0.048426150121065374   5   2.8728737738634886   
0.575234849787   0.3   1   0.03389830508474576   3   0   
