1.03330473621   0.4   1   0.048426150121065374   0   1.0   
0.543397572531   0.3   0   0.03389830508474576   0   1.8728715609439694   
0.911705386053   0.4   0   0.06295399515738499   1   2.4900849607923368   
0.217573785693   0.1   0   0.01937046004842615   0   2.4900849607923368   
0.415916300268   0.4   0   0.024213075060532687   0   3.006482740286659   
0.538494548098   0.4   0   0.026634382566585957   1   3.49884870420399   
0.619753370315   0.4   0   0.0387409200968523   0   4.315345285131716   
0.276626595426   0.1   0   0.014527845036319613   0   4.982011951798382   
0.306073646254   0.1   0   0.026634382566585957   3   4.982011951798382   
0.172062077173   0.0   0   0.01937046004842615   1   4.982011951798382   
0.532463606687   0.4   0   0.029055690072639227   1   5.924820993380446   
1.15479466282   0.5   0   0.08958837772397095   3   6.920937483563951   
0.344556044751   0.1   0   0.0387409200968523   1   6.920937483563951   
0.377369696799   0.2   0   0.026634382566585957   0   7.413303447481282   
0.367884838524   0.2   0   0.03631961259079903   2   7.413303447481282   
0.302024356123   0.2   0   0.026634382566585957   0   7.9056694113986135   
0.0437963003953   0.0   0   0.004842615012106538   0   7.9056694113986135   
0.338358124414   0.2   0   0.024213075060532687   0   7.9056694113986135   
0.804766597129   0.4   0   0.05569007263922518   0   8.246172023702112   
0.444299677326   0.2   0   0.03389830508474576   0   8.682607804174097   
0.485086996022   0.2   0   0.04600484261501211   0   8.682607804174097   
0.762934759577   0.3   0   0.06053268765133172   0   9.009206436545188   
0.399133827697   0.0   0   0.04600484261501211   0   9.009206436545188   
0.386139515024   0.2   0   0.029055690072639227   1   9.009206436545188   
0.211178618058   0.1   0   0.014527845036319613   2   9.009206436545188   
0.639148430499   0.4   0   0.04600484261501211   0   9.383840761177865   
0.201968158588   0.1   0   0.014527845036319613   0   9.383840761177865   
0.217493834771   0.1   0   0.021791767554479417   0   9.928171815129682   
0.317200714576   0.2   0   0.03389830508474576   1   10.364607595601669   
0.170776293275   0.0   0   0.01937046004842615   0   10.364607595601669   
0.578199109712   0.3   0   0.04600484261501211   2   10.364607595601669   
0.376184293956   0.2   0   0.024213075060532687   0   10.364607595601669   
0.330261764996   0.2   0   0.024213075060532687   0   10.88100537509599   
0.742817305116   0.3   0   0.05811138014527845   0   11.214338708429324   
0.496083262016   0.4   0   0.026634382566585957   0   11.706704672346655   
0.716784432974   0.2   0   0.05811138014527845   0   12.323918072195022   
0.704235861072   0.3   1   0.05811138014527845   2   0   
