0.697480381983   0.2   1   0.01937046004842615   0   1.0   
0.992891138999   0.5   0   0.05084745762711865   0   1.3086066999241839   
1.22653872874   0.6   0   0.05811138014527845   2   1.8859569691138096   
0.775209532442   0.3   0   0.04600484261501211   2   2.5348426536368596   
0.640273265368   0.0   0   0.05569007263922518   3   2.5348426536368596   
1.56601075993   0.7   0   0.06053268765133172   0   3.351339234564586   
0.894740300544   0.5   0   0.03631961259079903   0   4.081635977904807   
0.980093365543   0.4   0   0.03631961259079903   0   4.726006827705201   
0.532820282834   0.1   0   0.026634382566585957   0   5.115256299785963   
0.959266347689   0.5   0   0.0387409200968523   0   6.083502136337817   
1.21950795465   0.2   0   0.04600484261501211   0   5.318858079907777   
1.06422847692   0.6   0   0.043583535108958835   0   6.138614141184545   
0.759765994839   0.2   0   0.026634382566585957   0   6.967633276833855   
0.846987332465   0.4   0   0.043583535108958835   0   7.183657966780784   
1.08212431498   0.3   0   0.03631961259079903   0   7.850520683052237   
0.0996902289244   0.1   0   0.009685230024213076   0   7.850520683052237   
0.620593479036   0.3   0   0.024213075060532687   1   8.140348217976026   
0.824390100809   0.2   0   0.06779661016949153   0   8.140348217976026   
0.930592229742   0.2   0   0.043583535108958835   0   8.572397597869884   
0.174764670048   0.0   0   0.01694915254237288   0   8.91880775938366   
0.167655941858   0.1   0   0.012106537530266344   0   8.91880775938366   
0.62743377676   0.2   0   0.014527845036319613   0   9.667139236738448   
0.375659810423   0.2   0   0.029055690072639227   0   9.931714367844908   
1.05515544188   0.5   0   0.048426150121065374   0   10.341592398483291   
0.694030917738   0.2   0   0.026634382566585957   1   10.894271822249497   
0.534521544621   0.3   0   0.01937046004842615   1   11.218308857169891   
0.446144597901   0.1   0   0.01937046004842615   0   11.542345892090283   
0.176308626188   0.1   0   0.012106537530266344   1   11.542345892090283   
0.532410832685   0.3   0   0.01937046004842615   0   11.866382927010678   
0.705112999008   0.2   0   0.029055690072639227   0   12.130958058117137   
0.799036754699   0.3   0   0.026634382566585957   0   12.959977193766447   
0.743784888474   0.2   1   0.021791767554479417   0   0   
