0.221564128624   0.2   1   0.01937046004842615   0   0   
0.101256912161   0.0   0   0.009685230024213076   0   0   
0.138419208685   0.0   0   0.014527845036319613   0   0   
0.145423932779   0.0   0   0.01694915254237288   0   0   
0.192174600885   0.1   0   0.01694915254237288   0   0   
0.161252792039   0.1   0   0.014527845036319613   0   0   
0.143527552193   0.1   0   0.012106537530266344   0   0   
0.0654864774449   0.0   0   0.007263922518159807   0   0   
0.138075225233   0.0   0   0.012106537530266344   0   0   
0.21031268497   0.1   0   0.021791767554479417   2   0   
0.176193870555   0.1   0   0.01937046004842615   0   0   
0.245781590537   0.0   0   0.026634382566585957   0   0   
0.0637471227726   0.0   0   0.007263922518159807   0   0   
0.380300149145   0.1   0   0.026634382566585957   0   1.0   
0.272063499226   0.1   0   0.024213075060532687   0   1.0   
0.133241689364   0.1   0   0.014527845036319613   0   1.0   
0.12692189849   0.1   0   0.012106537530266344   0   1.0   
0.478970400499   0.1   0   0.031476997578692496   0   1.0   
0.342795946151   0.2   0   0.021791767554479417   0   1.4522670168666454   
0.27230373577   0.1   0   0.01937046004842615   1   1.4522670168666454   
0.42685801469   0.1   0   0.0387409200968523   1   1.4522670168666454   
0.463321996742   0.2   0   0.03631961259079903   0   1.4522670168666454   
0.090122017694   0.1   0   0.007263922518159807   0   1.4522670168666454   
0.0607913181146   0.0   0   0.007263922518159807   0   1.4522670168666454   
0.452343963671   0.1   0   0.03631961259079903   0   1.4522670168666454   
0.285739874992   0.0   0   0.021791767554479417   0   1.4522670168666454   
0.339777649454   0.0   0   0.0387409200968523   0   1.4522670168666454   
0.168378723791   0.1   0   0.012106537530266344   0   1.4522670168666454   
0.079892040282   0.0   0   0.009685230024213076   0   1.4522670168666454   
0.298616991345   0.0   0   0.026634382566585957   0   1.904534033733291   
0.254779727603   0.0   0   0.024213075060532687   0   1.904534033733291   
0.121171245327   0.1   0   0.012106537530266344   0   1.904534033733291   
0.105847954194   0.0   0   0.012106537530266344   0   1.904534033733291   
0.382117290983   0.2   0   0.031476997578692496   0   2.3205591809022126   
0.158942505528   0.0   0   0.014527845036319613   0   2.3205591809022126   
0.300611118262   0.1   0   0.024213075060532687   0   2.3205591809022126   
0.369386612066   0.2   0   0.031476997578692496   0   2.3205591809022126   
0.179700195557   0.0   0   0.024213075060532687   0   2.3205591809022126   
0.423485215947   0.1   0   0.024213075060532687   0   2.7863672903524663   
0.597600133046   0.1   0   0.048426150121065374   0   2.7863672903524663   
0.193675708718   0.1   0   0.012106537530266344   0   2.7863672903524663   
0.331803437929   0.0   0   0.029055690072639227   0   2.7863672903524663   
0.344152687458   0.2   0   0.01694915254237288   0   3.6592388512964362   
0.30787446018   0.0   0   0.026634382566585957   2   3.6592388512964362   
0.278858738771   0.1   0   0.029055690072639227   0   3.9925721846297697   
0.0497755416801   0.0   0   0.007263922518159807   0   3.9925721846297697   
0.0360139070927   0.0   0   0.004842615012106538   0   4.8090687655574955   
0.125565354298   0.1   0   0.014527845036319613   0   4.8090687655574955   
0.133127685706   0.0   0   0.014527845036319613   0   4.8090687655574955   
0.290955702417   0.1   0   0.031476997578692496   0   4.8090687655574955   
0.532613945277   0.4   0   0.048426150121065374   0   4.8090687655574955   
0.282626643074   0.1   0   0.01937046004842615   0   5.217317056021359   
0.310879967083   0.2   0   0.021791767554479417   0   5.602217235481109   
0.384043351623   0.0   0   0.03631961259079903   1   5.602217235481109   
0.312083636726   0.2   0   0.026634382566585957   0   5.602217235481109   
0.20971660574   0.1   0   0.01694915254237288   0   5.602217235481109   
0.293357407306   0.1   1   0.01937046004842615   0   0   
