0.987407891746   0.4   1   0.05084745762711865   0   1.0   
1.07216808685   0.4   0   0.03631961259079903   0   1.6191391873668903   
1.0740615057   0.5   0   0.03389830508474576   0   2.21861812778098   
0.647649929419   0.4   0   0.021791767554479417   0   3.0179233816664337   
1.30963018218   0.7   0   0.06053268765133172   2   3.0179233816664337   
0.139663047114   0.1   0   0.007263922518159807   1   3.0179233816664337   
0.0453211652812   0.0   0   0.004842615012106538   0   3.0179233816664337   
0.33094682449   0.2   0   0.012106537530266344   0   3.0179233816664337   
0.858655923557   0.3   0   0.03389830508474576   1   3.658793326128089   
2.49574902916   0.8   0   0.13801452784503632   3   4.294016729294112   
1.08718682065   0.4   0   0.03631961259079903   0   4.913155916661003   
1.4361369187   0.5   0   0.048426150121065374   2   5.383425888223982   
0.255924776702   0.1   0   0.01694915254237288   0   5.383425888223982   
0.162103559839   0.1   0   0.014527845036319613   0   5.383425888223982   
0.0597783418667   0.1   0   0.002421307506053269   0   5.383425888223982   
0.179971678791   0.2   0   0.009685230024213076   0   5.4900875788108445   
0.547620809879   0.3   0   0.012106537530266344   0   6.38451476981076   
0.50538259965   0.2   0   0.029055690072639227   0   6.961865039000386   
0.657183015199   0.2   0   0.029055690072639227   0   6.961865039000386   
0.441967384183   0.2   0   0.024213075060532687   0   6.503837571484546   
0.388765601847   0.1   0   0.01937046004842615   0   6.503837571484546   
1.25226214819   0.4   0   0.05811138014527845   0   6.441500915131578   
0.227178112021   0.0   0   0.01937046004842615   0   6.441500915131578   
0.284502859313   0.1   0   0.014527845036319613   0   6.441500915131578   
0.341061701495   0.2   1   0.014527845036319613   0   0   
