1.33762360878   0.5   1   0.06053268765133172   4   1.0   
0.999319777831   0.4   0   0.06295399515738499   0   1.5261042808091514   
0.381664633164   0.1   0   0.024213075060532687   0   1.5261042808091514   
1.13048795648   0.7   0   0.05811138014527845   5   1.4475975800047984   
1.35556726503   0.7   0   0.07506053268765134   2   2.137663139347153   
0.743216699159   0.4   0   0.031476997578692496   0   2.8170293598339105   
0.389289291903   0.2   0   0.026634382566585957   0   2.8170293598339105   
0.922958081047   0.3   0   0.05569007263922518   0   2.98728066598566   
0.390311706   0.2   0   0.021791767554479417   2   3.259446192961569   
0.500243337145   0.1   0   0.0387409200968523   0   3.259446192961569   
0.317518847042   0.1   0   0.026634382566585957   0   3.259446192961569   
1.23236201445   0.6   0   0.0774818401937046   7   3.6467445275823107   
0.436374847165   0.3   0   0.029055690072639227   0   3.882446787977826   
1.39657921659   0.4   0   0.06779661016949153   1   4.657043457219309   
0.213528174467   0.1   0   0.01937046004842615   1   4.657043457219309   
0.571525445339   0.1   0   0.043583535108958835   0   4.657043457219309   
0.300527075426   0.1   0   0.024213075060532687   0   4.657043457219309   
0.854419805947   0.4   0   0.04116222760290557   0   4.855072965814643   
0.376665793635   0.2   0   0.03631961259079903   0   4.855072965814643   
0.550576457111   0.3   0   0.03389830508474576   0   5.059197111046575   
2.49780354741   0.7   0   0.13075060532687652   11   5.564488263686486   
0.982369990534   0.5   0   0.05084745762711865   0   6.2454934882934845   
0.976619296376   0.6   0   0.029055690072639227   2   6.68192926876547   
1.9834117133   0.7   0   0.08958837772397095   7   7.452603904353922   
0.494328307279   0.3   1   0.024213075060532687   2   0   
