0.770010529218   0.4   1   0.05811138014527845   0   1.0   
0.47082610071   0.5   0   0.026634382566585957   1   1.3385016001931649   
0.336900285458   0.2   0   0.01937046004842615   0   1.9248035701710937   
0.328075569291   0.1   0   0.03389830508474576   0   2.368006200385053   
1.10239045918   0.5   0   0.07990314769975787   1   3.3490770439024824   
0.427615849609   0.3   0   0.0387409200968523   0   3.3490770439024824   
0.234237227233   0.1   0   0.007263922518159807   0   4.30650415165882   
0.576366551277   0.5   0   0.03631961259079903   0   4.948765780592077   
0.495235938997   0.2   0   0.031476997578692496   0   5.408698886095976   
0.283516694084   0.1   0   0.026634382566585957   0   5.408698886095976   
0.272605183033   0.1   0   0.026634382566585957   0   5.658698886095977   
0.618837760677   0.4   0   0.05569007263922518   0   5.831589904798007   
0.0866220958292   0.0   0   0.007263922518159807   0   5.831589904798007   
0.112991526714   0.0   0   0.009685230024213076   0   5.831589904798007   
0.0322189156075   0.0   0   0.004842615012106538   0   5.831589904798007   
0.171772497399   0.0   0   0.01694915254237288   0   5.831589904798007   
0.121656288309   0.1   0   0.012106537530266344   0   5.831589904798007   
0.408380913482   0.1   0   0.024213075060532687   0   6.355994328883084   
0.352471245696   0.1   0   0.03631961259079903   0   6.355994328883084   
0.634505174566   0.2   0   0.043583535108958835   0   6.726804253237867   
0.506080173351   0.2   0   0.029055690072639227   0   7.205517807116036   
0.302199337816   0.1   0   0.029055690072639227   0   7.205517807116036   
0.0619665640918   0.0   0   0.004842615012106538   0   7.205517807116036   
0.109167623687   0.1   0   0.007263922518159807   0   7.205517807116036   
0.258144101983   0.1   0   0.021791767554479417   0   7.205517807116036   
0.614296197341   0.3   0   0.04116222760290557   0   7.808817557020919   
0.725143625621   0.3   0   0.048426150121065374   1   8.339147642910829   
0.609771723604   0.4   0   0.04116222760290557   0   8.942447392815712   
0.303862050462   0.2   0   0.029055690072639227   0   8.942447392815712   
0.445469325361   0.2   0   0.026634382566585957   0   9.442447392815712   
0.587159955514   0.2   0   0.043583535108958835   2   10.02874936279364   
0.237954781287   0.0   0   0.029055690072639227   1   10.02874936279364   
0.345855364466   0.1   0   0.031476997578692496   1   10.430949196063564   
1.01380318006   0.3   1   0.07021791767554479   4   0   
