0.848535762969   0.4   1   0.0387409200968523   0   1.0   
1.11877319875   0.4   0   0.06053268765133172   0   1.7999999999999998   
1.25026036017   0.5   0   0.05084745762711865   0   1.515539765682532   
1.88044400757   0.6   0   0.10411622276029056   3   1.6826491068783298   
1.02813230022   0.6   0   0.043583535108958835   0   1.6826491068783298   
0.581886003706   0.2   0   0.026634382566585957   0   1.6826491068783298   
0.275347968658   0.0   0   0.01937046004842615   4   1.6826491068783298   
0.348314078068   0.1   0   0.021791767554479417   0   1.6826491068783298   
0.871191557667   0.5   0   0.03389830508474576   0   2.2950215425741245   
0.598554903292   0.2   0   0.03389830508474576   0   2.6012077604220214   
0.793914466457   0.4   0   0.03631961259079903   0   2.879067225535127   
0.769371375947   0.2   0   0.0387409200968523   0   3.4518891874046074   
1.42306338868   0.5   0   0.07021791767554479   0   3.863416633281158   
0.728560573849   0.4   0   0.029055690072639227   0   3.863416633281158   
0.630251686077   0.2   0   0.03389830508474576   0   3.863416633281158   
0.775801587068   0.3   0   0.03389830508474576   1   3.863416633281158   
0.394735334963   0.1   0   0.029055690072639227   0   3.863416633281158   
0.742431056016   0.2   0   0.048426150121065374   0   4.351920843740355   
0.786468148855   0.3   0   0.029055690072639227   0   5.344077585389577   
0.593173129008   0.2   1   0.024213075060532687   0   0   
