2.1064515761   0.6   1   0.07021791767554479   4   1.0   
1.36973049273   0.4   0   0.04116222760290557   3   1.6977407149243606   
0.828317562665   0.3   0   0.031476997578692496   5   2.541268107211334   
1.11490964904   0.5   0   0.04116222760290557   4   2.9100897602697007   
0.417911158611   0.3   0   0.01694915254237288   2   2.9100897602697007   
0.130205655715   0.0   0   0.007263922518159807   0   2.9100897602697007   
0.918223620764   0.4   0   0.03631961259079903   2   3.470528617297118   
0.861817778196   0.3   0   0.031476997578692496   3   3.423164734535323   
0.779913520618   0.2   0   0.03631961259079903   0   3.655902068598139   
0.746687552638   0.2   0   0.031476997578692496   2   3.8886394026609543   
0.262749855497   0.0   0   0.01694915254237288   1   3.8886394026609543   
1.83497626197   0.7   0   0.06295399515738499   5   4.382349844114241   
1.33916361286   0.6   0   0.048426150121065374   6   4.987019175236632   
0.862629197863   0.4   0   0.026634382566585957   1   5.258797828488937   
0.812563091857   0.3   0   0.026634382566585957   2   5.508797828488937   
0.818345009692   0.4   0   0.01937046004842615   2   6.146175267688036   
0.621806905511   0.1   0   0.01937046004842615   0   6.783552706887133   
0.820247563693   0.3   0   0.029055690072639227   0   7.024458734801992   
0.89395780967   0.3   0   0.029055690072639227   3   6.83170026553641   
1.34154105308   0.5   0   0.04116222760290557   2   7.5184163257595715   
1.10595023385   0.4   0   0.0387409200968523   3   8.453830672453057   
0.890176970279   0.2   0   0.043583535108958835   1   8.630214093190697   
1.14852871718   0.2   0   0.0387409200968523   2   9.335747776141254   
4.33889652884   0.6   0   0.1791767554479419   11   9.992077899455149   
0.807092432658   0.3   1   0.026634382566585957   3   0   
