0.967488921137   0.6   1   0.0764872521246459   3   1.0   
0.336751984796   0.3   0   0.028328611898016998   0   1.0   
0.587551020635   0.3   0   0.05099150141643059   0   1.244948974278318   
0.457746101652   0.2   0   0.0453257790368272   2   1.5047565954136495   
0.107865236341   0.0   0   0.0169971671388102   0   1.5047565954136495   
0.602112225194   0.3   0   0.04815864022662889   4   2.220004068228773   
0.423411598996   0.3   0   0.028328611898016998   0   2.220004068228773   
0.0644889826068   0.0   0   0.0113314447592068   0   2.220004068228773   
0.397927321965   0.2   0   0.039660056657223795   2   2.4977500981605383   
0.931945131371   0.5   0   0.08781869688385269   9   3.0247361375527464   
0.562473486244   0.3   0   0.053824362606232294   0   3.263151961824454   
0.0431455449278   0.0   0   0.0084985835694051   0   3.263151961824454   
0.364156054155   0.0   0   0.0453257790368272   2   3.522959582959786   
0.53581894897   0.3   0   0.053824362606232294   7   3.4627557012497108   
1.03610422458   0.7   0   0.06515580736543909   0   3.614237911107442   
0.569149641989   0.3   0   0.05099150141643059   0   3.614237911107442   
0.765911895062   0.4   0   0.059490084985835696   2   3.614237911107442   
0.302660705941   0.3   0   0.0226628895184136   0   3.871088494564483   
0.568049551334   0.1   0   0.0453257790368272   0   3.871088494564483   
0.775543226912   0.3   0   0.059490084985835696   1   3.871088494564483   
0.354411036397   0.3   0   0.014164305949008499   1   3.871088494564483   
0.221650862923   0.1   0   0.019830028328611898   0   3.871088494564483   
0.354042979703   0.1   0   0.036827195467422094   0   3.871088494564483   
0.658997247217   0.4   0   0.039660056657223795   1   3.871088494564483   
0.44626766016   0.1   0   0.05099150141643059   0   3.871088494564483   
0.596604850253   0.1   0   0.04815864022662889   1   3.871088494564483   
0.313305315463   0.1   0   0.025495750708215296   0   3.871088494564483   
0.187052579436   0.1   0   0.0169971671388102   0   3.871088494564483   
0.527080165941   0.3   0   0.05099150141643059   1   4.213555939173871   
0.710890611539   0.2   0   0.056657223796033995   0   4.213555939173871   
0.299258713059   0.2   0   0.0226628895184136   0   4.213555939173871   
0.338952968813   0.1   0   0.028328611898016998   0   4.213555939173871   
0.291604007676   0.1   0   0.0226628895184136   0   4.213555939173871   
0.335402016886   0.2   0   0.028328611898016998   0   4.213555939173871   
0.428127463434   0.1   0   0.042492917847025496   0   4.213555939173871   
0.474603434149   0.3   0   0.031161473087818695   0   4.213555939173871   
0.619646728417   0.3   0   0.053824362606232294   0   4.213555939173871   
0.278620288502   0.2   0   0.0226628895184136   0   4.213555939173871   
0.170538505202   0.0   0   0.028328611898016998   0   4.443290085042041   
0.344122286018   0.2   0   0.031161473087818695   0   4.662332998599632   
0.307386892344   0.2   0   0.0339943342776204   0   4.662332998599632   
0.273302498143   0.2   0   0.019830028328611898   0   4.662332998599632   
0.359220797454   0.2   0   0.0339943342776204   0   5.501203491407493   
0.387316555065   0.2   0   0.036827195467422094   0   5.904183841292152   
0.463151601527   0.1   1   0.053824362606232294   5   0   
