0.727552931888   0.3   1   0.04600484261501211   0   1.0   
1.11755146172   0.4   0   0.06537530266343826   3   1.0   
0.230100536009   0.1   0   0.01937046004842615   1   1.0   
0.672901889984   0.5   0   0.029055690072639227   1   1.0   
0.669390325139   0.1   0   0.05811138014527845   0   1.0   
0.802125107669   0.4   0   0.04600484261501211   1   1.5   
0.779754888738   0.2   0   0.05084745762711865   0   1.5   
0.117627274171   0.1   0   0.007263922518159807   0   1.5   
0.156040024264   0.1   0   0.012106537530266344   0   2.4746794344808962   
0.996791477219   0.5   0   0.053268765133171914   1   2.4746794344808962   
0.667091385722   0.0   0   0.05084745762711865   0   2.4746794344808962   
0.144401419226   0.2   0   0.009685230024213076   0   2.4746794344808962   
0.613972488382   0.3   0   0.03631961259079903   0   2.4746794344808962   
0.75375007038   0.2   0   0.0387409200968523   1   2.4746794344808962   
0.362608925939   0.2   0   0.024213075060532687   0   2.4746794344808962   
0.160011079765   0.0   0   0.012106537530266344   0   2.4746794344808962   
0.380762801331   0.0   0   0.029055690072639227   0   2.4746794344808962   
0.131118433291   0.0   0   0.009685230024213076   0   2.4746794344808962   
0.19178520831   0.1   0   0.012106537530266344   0   2.4746794344808962   
0.205543366231   0.1   0   0.014527845036319613   0   2.4746794344808962   
0.382445537457   0.2   0   0.026634382566585957   0   2.4746794344808962   
0.287726654871   0.1   0   0.01694915254237288   0   2.4746794344808962   
0.570236555228   0.1   0   0.0387409200968523   0   2.4746794344808962   
0.477047641983   0.3   0   0.01937046004842615   0   2.4746794344808962   
0.324147362057   0.2   0   0.026634382566585957   0   2.4746794344808962   
0.208566501497   0.1   1   0.01694915254237288   0   0   
