1.93850017314   0.5   1   0.05569007263922518   3   1.0   
3.51032134871   0.8   0   0.07990314769975787   5   1.9115469677400805   
0.890502819695   0.1   0   0.026634382566585957   2   2.5705943365561876   
0.998090528145   0.3   0   0.024213075060532687   2   2.8594760012742015   
1.73509515701   0.6   0   0.03389830508474576   2   3.411321887631204   
2.85365751519   0.9   0   0.06053268765133172   5   3.755579586261881   
0.232784516623   0.0   0   0.012106537530266344   0   3.755579586261881   
2.4985436861   0.8   0   0.05084745762711865   2   3.490691504720473   
1.86913878684   0.6   0   0.04600484261501211   0   3.9822966487288194   
1.02289770132   0.4   1   0.029055690072639227   2   0   
