0.973850198617   0.5   1   0.04600484261501211   0   1.0   
0.131879473244   0.0   0   0.012106537530266344   0   1.0   
1.2188485232   0.7   0   0.05569007263922518   3   1.8251794063302715   
0.946735228585   0.5   0   0.03389830508474576   0   2.67297065422093   
1.78335324228   0.6   0   0.10653753026634383   4   3.0190799818425167   
0.26649627789   0.1   0   0.01937046004842615   0   3.442975605787846   
0.616248359998   0.1   0   0.03389830508474576   0   4.083845550249501   
0.149146897126   0.0   0   0.012106537530266344   0   4.083845550249501   
0.931081240463   0.2   0   0.04600484261501211   2   3.9694237536133876   
0.31185212069   0.1   0   0.021791767554479417   0   4.260017016516099   
0.97187641496   0.2   0   0.05569007263922518   2   4.6235743201746535   
0.61637938084   0.4   0   0.029055690072639227   0   4.674444275419804   
0.0436252588382   0.0   0   0.002421307506053269   0   4.674444275419804   
0.279555616495   0.1   0   0.007263922518159807   0   5.474444275419804   
1.4921769579   0.7   0   0.07021791767554479   4   5.847746885522757   
0.4994283724   0.2   0   0.029055690072639227   0   6.0477468855227565   
0.385030796514   0.2   0   0.014527845036319613   0   6.896275022946614   
1.36529133323   0.5   0   0.0774818401937046   4   7.141223997224931   
0.70000988715   0.2   0   0.04116222760290557   1   7.477291217391654   
0.323008900812   0.1   0   0.01937046004842615   0   7.722240191669971   
0.115250683843   0.1   0   0.007263922518159807   0   7.722240191669971   
0.622475701505   0.1   0   0.031476997578692496   0   7.901125629869954   
1.16306986257   0.4   1   0.05569007263922518   3   0   
