1.37027150726   0.6   1   0.05569007263922518   4   1.0   
1.45477215352   0.4   0   0.06779661016949153   1   1.944911182523068   
0.713675585732   0.2   0   0.03631961259079903   0   2.8055741483469387   
1.29770400594   0.4   0   0.05569007263922518   1   3.4722408150136053   
1.81909848587   0.5   0   0.06053268765133172   7   2.8103556850631635   
0.815889422061   0.3   0   0.029055690072639227   0   3.800845147855503   
0.889288813806   0.3   0   0.0387409200968523   0   4.724052481431706   
0.634006108321   0.2   0   0.014527845036319613   0   5.416872804459257   
0.849248680015   0.2   0   0.031476997578692496   0   6.122890890956719   
0.40909892123   0.1   0   0.024213075060532687   0   6.391219048256694   
0.57729215949   0.2   0   0.0387409200968523   0   6.391219048256694   
0.91818810527   0.4   0   0.03631961259079903   0   6.802815652598715   
0.560956556623   0.2   0   0.03631961259079903   1   6.802815652598715   
1.78513957443   0.4   0   0.05569007263922518   3   7.433086530325385   
0.87544069681   0.1   0   0.024213075060532687   0   8.34020126554753   
0.268080891162   0.0   0   0.01694915254237288   0   8.34020126554753   
1.89889028605   0.5   0   0.06295399515738499   3   9.26971726863731   
1.23784466175   0.4   0   0.05811138014527845   2   9.768947445240016   
0.600766867433   0.3   0   0.043583535108958835   3   9.768947445240016   
0.972375761754   0.3   0   0.0387409200968523   6   10.168947445240015   
0.931675063109   0.4   0   0.04600484261501211   3   11.14227597202459   
1.38984811371   0.6   0   0.03631961259079903   3   12.068096071797141   
1.17986633655   0.3   1   0.048426150121065374   0   0   
