1.39342740551   0.5   1   0.053268765133171914   1   1.0   
0.576171194977   0.2   0   0.01937046004842615   0   1.0   
0.879237640057   0.3   0   0.031476997578692496   2   1.0   
0.756924444991   0.2   0   0.026634382566585957   0   1.0   
0.135291510511   0.0   0   0.004842615012106538   0   1.0   
0.409104752504   0.1   0   0.01694915254237288   0   1.0   
0.362134795976   0.1   0   0.014527845036319613   0   1.0   
0.313269686489   0.0   0   0.014527845036319613   0   1.0   
0.521258466025   0.2   0   0.01694915254237288   0   1.5400617248673218   
1.13949008674   0.4   0   0.04116222760290557   0   2.1817506727870697   
0.682927546709   0.3   0   0.021791767554479417   0   2.1817506727870697   
0.571410367072   0.1   0   0.01694915254237288   0   3.1817506727870697   
0.45290395598   0.1   0   0.01937046004842615   1   3.1817506727870697   
0.846372248143   0.5   0   0.026634382566585957   0   3.979474708004535   
0.253299589315   0.1   0   0.012106537530266344   0   3.979474708004535   
0.159144709708   0.0   0   0.007263922518159807   0   3.979474708004535   
0.804708155271   0.2   0   0.03389830508474576   1   3.979474708004535   
0.641034562214   0.1   1   0.021791767554479417   0   0   
