0.590801367429   0.4   1   0.043583535108958835   0   1.0   
0.35170426533   0.0   0   0.048426150121065374   3   1.0   
0.681452716135   0.3   0   0.04116222760290557   0   1.0   
0.405720887836   0.3   0   0.03631961259079903   2   1.912870929175277   
0.30113287312   0.1   0   0.04116222760290557   1   1.912870929175277   
0.147540885165   0.1   0   0.014527845036319613   0   1.912870929175277   
0.334537332047   0.2   0   0.021791767554479417   0   2.481703450428031   
0.0677738571654   0.0   0   0.009685230024213076   0   2.481703450428031   
0.469280731913   0.1   0   0.03389830508474576   0   2.5476140078460703   
1.02953287332   0.5   0   0.11380145278450363   3   2.820502419300978   
0.233600665035   0.0   0   0.031476997578692496   1   2.820502419300978   
0.159670309224   0.1   0   0.012106537530266344   0   3.657162445835053   
0.47973235715   0.4   0   0.03389830508474576   0   4.157162445835053   
0.378267689828   0.2   0   0.0387409200968523   2   4.157162445835053   
0.239702598893   0.1   0   0.026634382566585957   0   4.721238520652819   
0.254963235976   0.0   0   0.03389830508474576   0   4.721238520652819   
0.379195217192   0.3   0   0.026634382566585957   0   4.721238520652819   
0.547658238379   0.4   0   0.04600484261501211   2   5.129486811116682   
0.278901692879   0.2   0   0.026634382566585957   1   5.648361332779454   
0.43721369821   0.1   0   0.048426150121065374   0   5.648361332779454   
0.386621973809   0.3   0   0.031476997578692496   1   5.648361332779454   
0.647186555872   0.4   0   0.04600484261501211   3   6.056609623243317   
0.644931133434   0.3   0   0.053268765133171914   2   6.286642295868661   
0.0989088609035   0.0   0   0.014527845036319613   0   6.286642295868661   
0.103055567769   0.1   0   0.007263922518159807   0   7.229451337450724   
0.385610739624   0.2   0   0.031476997578692496   0   7.229451337450724   
0.604904889299   0.4   0   0.04116222760290557   0   8.021569371832063   
0.180864169688   0.2   0   0.012106537530266344   0   8.751866115172284   
0.279802173344   0.2   0   0.014527845036319613   0   9.418532781838952   
0.131114140954   0.1   0   0.007263922518159807   0   9.418532781838952   
0.106722819455   0.1   0   0.009685230024213076   0   10.235029362766678   
0.207269020609   0.0   0   0.024213075060532687   1   10.235029362766678   
0.0744156594381   0.0   0   0.009685230024213076   0   10.235029362766678   
0.176413353198   0.1   0   0.009685230024213076   0   10.235029362766678   
0.0749153879022   0.0   0   0.009685230024213076   1   10.235029362766678   
0.352302343107   0.3   0   0.03389830508474576   1   10.235029362766678   
0.347396508062   0.2   0   0.03389830508474576   0   10.235029362766678   
0.224810947794   0.0   0   0.029055690072639227   0   10.235029362766678   
0.650135666359   0.4   0   0.053268765133171914   1   10.931339986589467   
0.478873821107   0.3   0   0.029055690072639227   0   11.4027445073805   
1.12554489195   0.4   0   0.09927360774818401   3   10.574232111345552   
0.187764270317   0.1   0   0.01937046004842615   0   11.54376808282882   
0.182356927861   0.2   0   0.012106537530266344   0   10.412904986559441   
0.301390608267   0.2   1   0.024213075060532687   0   0   
