1.60181402412   0.2   1   0.06053268765133172   0   1.0   
1.63038621664   0.7   0   0.048426150121065374   3   1.3212877315609994   
1.5916573721   0.6   0   0.05084745762711865   3   1.9068277753301193   
1.64943752213   0.5   0   0.053268765133171914   4   2.0894019611651746   
1.44052037041   0.5   0   0.029055690072639227   2   2.8688179269946823   
2.03291200903   0.5   0   0.07021791767554479   5   3.0003371168389683   
1.1640142827   0.5   0   0.029055690072639227   4   3.8065583840081394   
0.743396785939   0.2   0   0.029055690072639227   5   4.4065583840081395   
0.749216024089   0.4   0   0.01937046004842615   0   5.200283777327517   
0.387763528573   0.0   0   0.021791767554479417   0   5.425914207254623   
1.15018240503   0.4   1   0.031476997578692496   2   0   
