0.197504876478   0.1   1   0.009685230024213076   0   1.0   
0.743148713308   0.3   0   0.03389830508474576   2   1.0   
0.497938649296   0.2   0   0.031476997578692496   1   1.0   
0.504940255419   0.2   0   0.03389830508474576   0   1.2672612419124245   
1.01234322104   0.6   0   0.026634382566585957   0   1.2672612419124245   
0.766706354507   0.4   0   0.031476997578692496   0   1.544611340025039   
0.607831519031   0.3   0   0.024213075060532687   0   1.8608391060418767   
0.988583939221   0.4   0   0.04600484261501211   2   1.8608391060418767   
0.799671101687   0.3   0   0.048426150121065374   6   1.8608391060418767   
1.41371392764   0.7   0   0.048426150121065374   1   2.2872405387530974   
0.554572729142   0.3   0   0.026634382566585957   0   2.588751883330861   
0.575507940343   0.4   0   0.01694915254237288   3   2.588751883330861   
1.05568711177   0.5   0   0.04116222760290557   0   2.8312875083671942   
1.94310856306   0.6   0   0.10411622276029056   6   2.9661274808598423   
0.923700876473   0.4   0   0.03389830508474576   0   2.9661274808598423   
1.98357790488   0.6   0   0.05569007263922518   0   3.3253380849133922   
1.11715169101   0.7   0   0.04116222760290557   2   3.5678737099497253   
0.685033524244   0.2   0   0.04600484261501211   0   4.026705177690849   
0.343790600241   0.0   0   0.03631961259079903   0   4.026705177690849   
0.608313179269   0.3   0   0.043583535108958835   0   4.262407438086365   
0.842655333851   0.3   0   0.03631961259079903   0   4.454857527816241   
0.953870993489   0.4   0   0.048426150121065374   4   4.668058244171851   
1.01857815467   0.5   0   0.048426150121065374   0   5.235004953685691   
0.612519844674   0.4   0   0.021791767554479417   0   5.901671620352358   
0.87814601041   0.4   0   0.043583535108958835   0   6.137373880747873   
0.841749482338   0.5   0   0.031476997578692496   1   6.692074076973102   
0.26377820431   0.2   1   0.01694915254237288   0   0   
