1.13437925274   0.5   1   0.05084745762711865   0   0   
0.990496743164   0.2   0   0.04600484261501211   0   0   
0.659184963376   0.2   0   0.031476997578692496   3   1.0   
0.470700418185   0.2   0   0.024213075060532687   0   1.0   
0.607995575382   0.1   0   0.026634382566585957   0   1.0   
0.600060887419   0.2   0   0.021791767554479417   0   1.1001542020962218   
0.627357699244   0.3   0   0.024213075060532687   0   1.1001542020962218   
0.658384521191   0.3   0   0.021791767554479417   0   1.1502313031443328   
0.155916428204   0.1   0   0.014527845036319613   0   1.1502313031443328   
0.379778820124   0.0   0   0.03631961259079903   0   1.1502313031443328   
0.446599810873   0.1   0   0.031476997578692496   0   1.1502313031443328   
0.803634384047   0.4   0   0.026634382566585957   0   1.1502313031443328   
0.52996983747   0.3   0   0.03389830508474576   0   1.1502313031443328   
0.625573363238   0.3   0   0.01694915254237288   0   1.1502313031443328   
0.998376477913   0.3   0   0.05084745762711865   2   1.1502313031443328   
0.774350347876   0.3   0   0.031476997578692496   0   1.1502313031443328   
0.615206705581   0.2   0   0.031476997578692496   0   1.1502313031443328   
0.481380796057   0.2   0   0.024213075060532687   0   1.1502313031443328   
0.27609814676   0.1   0   0.029055690072639227   0   1.1502313031443328   
0.580520838272   0.2   0   0.014527845036319613   0   1.1502313031443328   
0.449501324336   0.2   0   0.01937046004842615   0   1.1502313031443328   
0.485999692017   0.1   0   0.021791767554479417   0   1.1502313031443328   
1.07344866847   0.4   0   0.03631961259079903   3   1.8484433053327798   
0.414834229093   0.2   0   0.01694915254237288   0   1.8484433053327798   
0.693861894175   0.2   0   0.021791767554479417   2   1.8484433053327798   
1.26599952932   0.4   0   0.03389830508474576   0   1.8484433053327798   
0.374988578705   0.1   0   0.01937046004842615   0   1.8484433053327798   
0.461012719166   0.1   0   0.03389830508474576   0   1.888594309985256   
0.338976452796   0.1   0   0.009685230024213076   0   1.888594309985256   
0.349411166557   0.2   0   0.009685230024213076   0   1.888594309985256   
0.0932694943498   0.1   0   0.007263922518159807   0   1.888594309985256   
3.61435041584   0.5   0   0.0847457627118644   12   2.2894840959258365   
1.04500365126   0.4   0   0.04116222760290557   2   2.2894840959258365   
0.404697678418   0.3   0   0.014527845036319613   0   2.2894840959258365   
0.23748287381   0.0   0   0.01694915254237288   0   2.2894840959258365   
0.265232686908   0.1   0   0.01937046004842615   1   2.2894840959258365   
4.55170423316   0.4   0   0.10653753026634383   19   2.225472615623554   
6.90033895985   0.3   1   0.14527845036319612   32   0   
