1.07756397023   0.5   1   0.043583535108958835   0   1.0   
0.716691564792   0.2   0   0.04116222760290557   0   1.4866642633922875   
0.555412245503   0.2   0   0.03389830508474576   0   1.4866642633922875   
0.751840663276   0.3   0   0.029055690072639227   4   2.311114641327673   
0.279623435283   0.1   0   0.01694915254237288   0   2.311114641327673   
0.599937406423   0.3   0   0.021791767554479417   3   2.2353427384864424   
0.663282771403   0.4   0   0.01937046004842615   0   2.94244951967299   
0.436743835972   0.2   0   0.012106537530266344   2   3.3896631151729473   
0.471977953607   0.2   0   0.03631961259079903   5   3.3896631151729473   
0.502700190676   0.3   0   0.021791767554479417   0   3.7229964485062808   
0.853975031462   0.5   0   0.029055690072639227   2   4.58902185229072   
0.821716756278   0.5   0   0.03389830508474576   2   4.856283094203143   
0.482470399883   0.2   0   0.024213075060532687   0   5.172510860219981   
0.234448042716   0.1   0   0.012106537530266344   0   5.172510860219981   
0.645575686415   0.2   0   0.029055690072639227   0   5.4611859948147945   
0.208504317642   0.0   0   0.01694915254237288   0   5.4611859948147945   
0.458903811935   0.1   0   0.03631961259079903   2   5.4611859948147945   
0.750639927918   0.2   0   0.03631961259079903   0   5.719384884561956   
0.359582593459   0.1   0   0.009685230024213076   0   6.219384884561956   
0.637953017038   0.1   0   0.03389830508474576   0   6.486646126474381   
1.03130683983   0.3   0   0.05084745762711865   1   7.1412997971823575   
0.609830140509   0.2   0   0.026634382566585957   0   7.442811141760121   
1.80805125488   0.1   0   0.07021791767554479   2   8.22367995120315   
0.586855093807   0.3   1   0.01694915254237288   1   0   
