1.50425788848   0.7   1   0.05811138014527845   0   1.0   
0.819844500018   0.3   0   0.04116222760290557   2   1.8086075400626398   
1.01671764837   0.2   0   0.03389830508474576   0   2.754607040698068   
0.537067737534   0.2   0   0.01694915254237288   0   2.754607040698068   
0.782709569219   0.2   0   0.026634382566585957   0   3.667136798492328   
1.0319827314   0.3   0   0.043583535108958835   2   3.667136798492328   
0.489249531792   0.2   0   0.021791767554479417   1   3.667136798492328   
0.0625800877397   0.0   0   0.004842615012106538   0   3.678098061322034   
0.561364684865   0.4   0   0.024213075060532687   0   3.678098061322034   
0.713894087544   0.4   0   0.03389830508474576   0   4.434027007340489   
0.776254656833   0.5   0   0.03389830508474576   0   5.189955953358943   
0.406108713286   0.4   0   0.021791767554479417   0   6.132764994941007   
0.895141935816   0.2   0   0.04116222760290557   1   6.132764994941007   
0.576402096868   0.1   0   0.024213075060532687   0   6.579978590440964   
0.165664724697   0.0   0   0.007263922518159807   0   6.579978590440964   
0.485865347499   0.1   1   0.026634382566585957   0   0   
