1.30752398518   0.5   1   0.031476997578692496   0   1.0   
0.964579305382   0.4   0   0.031476997578692496   0   1.4296689244236598   
1.43300103595   0.3   0   0.048426150121065374   0   1.6028740051805475   
0.950449638486   0.4   0   0.024213075060532687   1   2.3377209280155005   
0.247425322015   0.0   0   0.009685230024213076   0   2.3377209280155005   
0.862864889549   0.2   0   0.026634382566585957   0   2.5712706112639574   
1.29022869458   0.4   0   0.03631961259079903   0   2.771270611263957   
0.698918289182   0.2   0   0.014527845036319613   0   3.0874983772807956   
0.407786393406   0.0   0   0.014527845036319613   0   3.0874983772807956   
1.38071548439   0.3   0   0.024213075060532687   0   3.758318770530732   
2.20078184579   0.3   0   0.08232445520581114   3   4.00963111550575   
1.16627922438   0.4   1   0.026634382566585957   0   0   
