0.814002453716   0.6   1   0.05084745762711865   0   1.0   
0.458082484349   0.1   0   0.0387409200968523   3   1.8728715609439694   
0.177244663383   0.0   0   0.01694915254237288   1   1.8728715609439694   
0.683835661371   0.5   0   0.043583535108958835   0   1.8728715609439694   
0.699862673871   0.7   0   0.0387409200968523   0   2.8728715609439694   
0.552732960046   0.3   0   0.043583535108958835   0   2.8728715609439694   
0.196675825534   0.2   0   0.01694915254237288   0   2.8728715609439694   
0.0472741140291   0.0   0   0.007263922518159807   0   2.8728715609439694   
0.304662804181   0.3   0   0.026634382566585957   0   2.8728715609439694   
0.265261259469   0.1   0   0.029055690072639227   0   2.8728715609439694   
0.411229593817   0.3   0   0.01694915254237288   0   2.8728715609439694   
0.407613547822   0.3   0   0.01937046004842615   0   3.0314269622214627   
0.276639979573   0.4   0   0.01937046004842615   0   4.031426962221462   
0.218747430212   0.1   0   0.021791767554479417   0   4.031426962221462   
0.581694172522   0.2   0   0.053268765133171914   1   4.031426962221462   
0.424179515998   0.3   0   0.031476997578692496   0   4.031426962221462   
0.561846619879   0.3   0   0.043583535108958835   0   4.031426962221462   
0.478814513548   0.3   0   0.04600484261501211   0   4.031426962221462   
0.69518940894   0.5   0   0.053268765133171914   0   4.3426826508527165   
0.280519505151   0.1   0   0.03389830508474576   1   4.3426826508527165   
0.145102635924   0.0   0   0.021791767554479417   1   4.3426826508527165   
0.585495566528   0.4   0   0.031476997578692496   0   4.993126286440708   
0.284313683452   0.1   0   0.012106537530266344   0   4.993126286440708   
0.377125196264   0.3   0   0.04116222760290557   0   5.561922745435229   
0.560284825519   0.3   0   0.03631961259079903   1   5.561922745435229   
0.330629035761   0.2   0   0.014527845036319613   0   5.561922745435229   
0.346863167173   0.1   0   0.024213075060532687   1   5.561922745435229   
0.28049186476   0.1   0   0.03389830508474576   2   5.561922745435229   
0.419270843795   0.2   0   0.04116222760290557   1   5.561922745435229   
0.340665842939   0.2   0   0.01937046004842615   0   5.561922745435229   
0.089673363933   0.0   0   0.012106537530266344   0   5.561922745435229   
0.0255914897473   0.0   0   0.002421307506053269   0   5.561922745435229   
0.0374926976745   0.0   0   0.004842615012106538   0   5.561922745435229   
0.0549269824511   0.0   0   0.007263922518159807   0   5.561922745435229   
0.413227799489   0.1   0   0.031476997578692496   0   6.21236638102322   
0.0761683815798   0.0   0   0.004842615012106538   0   6.21236638102322   
0.318444271433   0.2   0   0.012106537530266344   0   6.21236638102322   
0.080808829483   0.0   0   0.007263922518159807   0   6.21236638102322   
0.0740584799374   0.0   0   0.012106537530266344   0   6.21236638102322   
0.136332222498   0.1   0   0.01937046004842615   0   6.21236638102322   
0.539861764445   0.1   0   0.043583535108958835   0   6.7367708051082955   
0.166357320578   0.2   0   0.01694915254237288   0   6.7367708051082955   
0.453088573879   0.1   0   0.06295399515738499   2   4.80005123269241   
0.289186560445   0.1   0   0.03389830508474576   0   4.80005123269241   
0.0959797874604   0.0   0   0.014527845036319613   0   4.80005123269241   
0.423074805249   0.1   0   0.03631961259079903   0   4.513277761105915   
0.445682261413   0.2   0   0.03389830508474576   0   4.513277761105915   
0.493274798182   0.3   0   0.03631961259079903   0   4.513277761105915   
0.313764600512   0.1   0   0.043583535108958835   1   4.741495493399734   
0.369142237951   0.1   1   0.048426150121065374   3   0   
