0.794817790573   0.2   1   0.06053268765133172   2   0   
0.488179814772   0.3   0   0.031476997578692496   0   0   
0.202567840964   0.1   0   0.01937046004842615   1   0   
0.345614222181   0.2   0   0.01694915254237288   0   0   
0.597110066832   0.4   0   0.03389830508474576   0   1.0   
0.873858627933   0.3   0   0.06053268765133172   1   1.0   
0.887023787233   0.2   0   0.07263922518159806   3   1.0   
0.525661049447   0.3   0   0.03389830508474576   1   1.0   
0.591611292393   0.2   0   0.031476997578692496   1   1.5547001962252294   
0.793101386188   0.4   0   0.043583535108958835   1   1.5547001962252294   
0.488673819394   0.3   0   0.026634382566585957   1   1.5547001962252294   
0.488835166987   0.2   0   0.029055690072639227   1   1.5547001962252294   
0.402816119878   0.1   0   0.026634382566585957   0   1.5547001962252294   
0.482345119257   0.1   0   0.03631961259079903   2   1.5547001962252294   
0.760917516836   0.3   0   0.05811138014527845   0   1.5547001962252294   
0.22010277117   0.1   0   0.01694915254237288   0   1.5547001962252294   
0.297120153043   0.1   0   0.01937046004842615   2   1.5547001962252294   
0.24697686359   0.1   0   0.021791767554479417   0   1.5547001962252294   
0.429053318096   0.3   0   0.026634382566585957   0   1.5547001962252294   
0.517442629482   0.0   1   0.053268765133171914   0   0   
