0.642205939684   0.3   1   0.06053268765133172   0   1.0   
0.193671981805   0.1   0   0.01694915254237288   0   1.0   
0.242264476198   0.1   0   0.007263922518159807   0   1.3464101615137753   
0.0176656560132   0.0   0   0.002421307506053269   0   1.3464101615137753   
0.433961990969   0.2   0   0.026634382566585957   0   1.868643129380869   
0.396971285775   0.1   0   0.0387409200968523   3   1.868643129380869   
0.118793127527   0.1   0   0.01694915254237288   2   1.868643129380869   
0.149701691101   0.1   0   0.01694915254237288   1   1.868643129380869   
0.632649105539   0.3   0   0.053268765133171914   2   1.868643129380869   
0.159938486385   0.0   0   0.01937046004842615   0   1.868643129380869   
0.208060197328   0.1   0   0.004842615012106538   0   2.525740726113566   
1.11685417938   0.5   0   0.09443099273607748   5   2.7199978985850186   
0.302164888685   0.2   0   0.014527845036319613   1   3.2973481677746443   
0.0711943609812   0.0   0   0.009685230024213076   0   3.2973481677746443   
0.338794540148   0.1   0   0.024213075060532687   0   3.744561763274602   
0.339818140762   0.3   0   0.024213075060532687   0   4.19177535877456   
0.216118610813   0.3   0   0.021791767554479417   2   4.19177535877456   
0.365020383034   0.3   0   0.021791767554479417   0   4.19177535877456   
0.467503713377   0.3   0   0.031476997578692496   0   4.5840076290509275   
0.217026361056   0.1   0   0.026634382566585957   0   4.5840076290509275   
0.260076995249   0.1   0   0.026634382566585957   0   4.5840076290509275   
0.0636891947198   0.0   0   0.009685230024213076   0   4.5840076290509275   
0.3736261839   0.3   0   0.03389830508474576   2   4.5840076290509275   
0.397208520779   0.2   0   0.029055690072639227   2   4.992255919514791   
0.517694658407   0.3   0   0.031476997578692496   0   5.357404291184902   
1.12429750524   0.4   0   0.0774818401937046   5   5.757404291184901   
0.7858394487   0.3   0   0.043583535108958835   1   6.389859823218577   
0.527587766761   0.3   0   0.0387409200968523   1   6.743413213811851   
0.540529426374   0.4   0   0.031476997578692496   0   7.1085615854819615   
0.511714769052   0.3   0   0.048426150121065374   0   7.397236720076775   
0.892474596878   0.8   0   0.048426150121065374   0   7.698748064654539   
0.132657268121   0.2   0   0.012106537530266344   0   7.698748064654539   
0.499428231444   0.3   0   0.031476997578692496   1   8.090980334930908   
0.114510972897   0.1   0   0.009685230024213076   0   8.090980334930908   
0.548886708593   0.3   0   0.043583535108958835   2   8.090980334930908   
0.776987599954   0.3   0   0.04116222760290557   0   8.708193734779275   
0.806884853254   0.4   0   0.06537530266343826   5   8.97080660049872   
0.192940783055   0.0   0   0.029055690072639227   0   8.97080660049872   
0.883285942967   0.3   0   0.05084745762711865   0   9.53649202544796   
0.377033141187   0.1   0   0.029055690072639227   0   9.944740315911822   
0.188966307101   0.2   0   0.01937046004842615   0   9.944740315911822   
0.367713719245   0.1   0   0.024213075060532687   0   10.39195391141178   
1.08552911473   0.6   0   0.09443099273607748   1   10.804522409915297   
0.814037596623   0.4   0   0.06537530266343826   0   10.804522409915297   
0.614131298504   0.3   0   0.03631961259079903   0   11.128965252176823   
0.345394984923   0.2   0   0.048426150121065374   0   11.128965252176823   
0.132373111051   0.1   0   0.01694915254237288   0   11.128965252176823   
0.065475572274   0.0   0   0.009685230024213076   0   11.128965252176823   
0.258548771883   0.1   1   0.014527845036319613   0   0   
