1.06124949112   0.8   1   0.043583535108958835   0   1.0   
0.381810925528   0.2   0   0.021791767554479417   1   1.0   
0.945112488179   0.3   0   0.04600484261501211   0   1.0   
0.387433869869   0.1   0   0.012106537530266344   0   1.0   
0.411874125302   0.2   0   0.01694915254237288   0   1.0   
0.286064999129   0.3   0   0.014527845036319613   1   1.0   
0.937499256906   0.5   0   0.04116222760290557   0   1.0   
0.290355464116   0.2   0   0.014527845036319613   0   1.0   
1.16840428001   0.5   0   0.043583535108958835   0   1.0   
0.634386664591   0.3   0   0.026634382566585957   0   1.0   
0.653901964376   0.2   0   0.03389830508474576   2   1.0   
0.974152170932   0.2   0   0.05084745762711865   0   1.0   
0.340501975016   0.2   0   0.012106537530266344   0   1.0   
0.461046475467   0.1   0   0.024213075060532687   1   1.0   
0.426273490676   0.0   0   0.024213075060532687   0   1.0   
0.162626289554   0.0   0   0.009685230024213076   0   1.0   
1.03577011984   0.3   0   0.053268765133171914   0   1.0   
0.211092905178   0.0   1   0.014527845036319613   0   0   
