0.353458270781   0.2   1   0.043583535108958835   0   1.0   
0.455816664497   0.2   0   0.053268765133171914   0   1.5168765907047377   
0.216709800208   0.2   0   0.03389830508474576   0   1.5168765907047377   
0.703283989578   0.9   0   0.06537530266343826   2   2.1921668168404533   
0.453144768271   0.3   0   0.0387409200968523   0   2.6467354618889485   
0.243277281734   0.2   0   0.031476997578692496   0   2.6467354618889485   
0.2106359062   0.0   0   0.03631961259079903   0   2.6467354618889485   
0.163481694028   0.2   0   0.009685230024213076   0   3.1834453586266824   
0.197505854529   0.1   0   0.03389830508474576   1   3.317075979582895   
0.367184007468   0.2   0   0.04600484261501211   2   3.7535117600548795   
0.107340291186   0.0   0   0.021791767554479417   0   3.7535117600548795   
0.310405019328   0.3   0   0.03631961259079903   1   3.7535117600548795   
0.242597807431   0.2   0   0.031476997578692496   3   3.7535117600548795   
0.464753792322   0.4   0   0.04116222760290557   1   4.080838595408868   
0.129732747679   0.0   0   0.026634382566585957   0   4.080838595408868   
0.328660257137   0.3   0   0.029055690072639227   0   4.369513730003681   
0.133431924852   0.1   0   0.021791767554479417   0   4.369513730003681   
0.181072678856   0.1   0   0.031476997578692496   1   4.369513730003681   
0.237295739434   0.1   0   0.031476997578692496   0   4.369513730003681   
0.105164567007   0.1   0   0.012106537530266344   0   4.369513730003681   
0.140848656619   0.0   0   0.026634382566585957   0   4.369513730003681   
0.147505168463   0.2   0   0.007263922518159807   0   4.784109892368086   
0.283057906292   0.1   0   0.053268765133171914   1   4.784109892368086   
0.314963288013   0.3   0   0.029055690072639227   1   5.034109892368086   
0.292733034979   0.3   0   0.026634382566585957   0   5.556342860235179   
0.284977036074   0.1   0   0.048426150121065374   0   5.556342860235179   
0.230347753804   0.2   0   0.01937046004842615   0   5.862529078083076   
0.11112241428   0.0   0   0.01937046004842615   0   5.862529078083076   
0.252251015141   0.2   0   0.03389830508474576   0   5.862529078083076   
0.496684824909   0.2   0   0.053268765133171914   4   6.21608246867635   
0.212926751924   0.1   0   0.03389830508474576   0   6.21608246867635   
0.022890902494   0.0   0   0.004842615012106538   0   6.21608246867635   
0.275124861153   0.1   0   0.031476997578692496   0   6.456274699383981   
0.181269699452   0.1   0   0.01694915254237288   0   6.7836015347379695   
0.533093445704   0.3   0   0.05569007263922518   0   6.956806615494857   
0.441265953975   0.3   0   0.043583535108958835   0   7.16093076072679   
0.189190493564   0.1   0   0.024213075060532687   0   7.16093076072679   
0.192062708136   0.1   0   0.029055690072639227   0   7.285930760726789   
0.329319504058   0.3   0   0.029055690072639227   1   7.517385785669927   
0.271966106958   0.2   0   0.03631961259079903   0   7.6291891845449165   
0.213276720114   0.1   0   0.031476997578692496   0   7.749285299898732   
0.248261915349   0.1   0   0.029055690072639227   1   7.749285299898732   
0.240611516662   0.1   0   0.031476997578692496   2   7.749285299898732   
0.219890254484   0.2   0   0.03389830508474576   0   7.749285299898732   
0.386670541166   0.2   0   0.06537530266343826   0   7.915951966565398   
0.224917759443   0.2   0   0.029055690072639227   0   7.915951966565398   
0.300948013778   0.3   0   0.026634382566585957   0   8.177068450498945   
0.241444794114   0.1   0   0.024213075060532687   0   8.177068450498945   
0.128427568279   0.1   0   0.007263922518159807   0   8.677068450498945   
0.162912762254   0.1   0   0.01937046004842615   0   8.677068450498945   
0.238285979078   0.1   0   0.029055690072639227   0   8.927068450498945   
0.259612752674   0.2   0   0.04116222760290557   0   8.927068450498945   
0.117079987569   0.0   0   0.01694915254237288   0   8.927068450498945   
0.25247988148   0.1   0   0.026634382566585957   0   9.188184934432492   
0.541842822484   0.3   1   0.053268765133171914   2   0   
