0.815322550163   0.7   1   0.04600484261501211   2   1.0   
0.61705537514   0.3   0   0.0387409200968523   3   1.9176629354822468   
0.545163296905   0.5   0   0.029055690072639227   0   2.4950132046718725   
0.43904093809   0.5   0   0.024213075060532687   0   2.9724811297397444   
0.631751392051   0.2   0   0.04600484261501211   0   3.3021713664376384   
0.134372514882   0.0   0   0.014527845036319613   0   3.3021713664376384   
0.339274024248   0.3   0   0.01694915254237288   0   3.899785671104835   
0.150040240716   0.0   0   0.01694915254237288   0   3.899785671104835   
0.179687822995   0.1   0   0.012106537530266344   1   3.899785671104835   
0.452608608819   0.3   0   0.03631961259079903   1   4.716282252032561   
0.446531346732   0.1   0   0.0387409200968523   0   5.111566959553608   
0.388119425641   0.2   0   0.029055690072639227   1   5.5680024241412465   
0.240264707015   0.0   0   0.01937046004842615   0   5.5680024241412465   
0.142117160715   0.1   0   0.007263922518159807   0   5.5680024241412465   
0.23078764653   0.1   0   0.014527845036319613   0   6.21349964850915   
0.393872890872   0.0   0   0.04116222760290557   0   6.21349964850915   
0.524510524372   0.4   0   0.03631961259079903   3   6.621747938973013   
0.482973324561   0.4   0   0.024213075060532687   1   7.121747938973012   
0.426059956197   0.3   0   0.026634382566585957   0   8.075210528218605   
0.258605074701   0.2   0   0.014527845036319613   0   8.720707752586508   
0.127647703773   0.1   0   0.009685230024213076   0   8.720707752586508   
0.765768965293   0.5   0   0.048426150121065374   0   9.07426114317978   
0.191248218442   0.1   0   0.014527845036319613   0   9.63327813755473   
0.445690876494   0.3   0   0.029055690072639227   0   10.089713602142368   
0.625076465414   0.3   0   0.04116222760290557   0   10.815189852252379   
0.574666322929   0.4   0   0.03631961259079903   3   10.400854893003599   
0.150604337035   0.1   0   0.012106537530266344   0   10.400854893003599   
0.218236389845   0.1   0   0.01694915254237288   0   10.92031737465292   
0.126525522   0.0   0   0.009685230024213076   0   10.92031737465292   
0.219582982072   0.2   0   0.009685230024213076   1   10.92031737465292   
0.101547240302   0.0   0   0.012106537530266344   0   10.92031737465292   
0.397425489447   0.2   1   0.026634382566585957   0   0   
