0.733097214566   0.4   1   0.06537530266343826   0   0   
0.6704217306   0.6   0   0.07021791767554479   0   0   
0.490906154829   0.4   0   0.04600484261501211   0   0   
0.573228774382   0.4   0   0.053268765133171914   0   0   
0.233354203396   0.1   0   0.024213075060532687   0   0   
0.424338055837   0.4   0   0.06053268765133172   2   0   
0.333207783058   0.2   0   0.05084745762711865   0   1.0   
0.141843338145   0.1   0   0.01937046004842615   0   1.0   
0.294476413514   0.3   0   0.026634382566585957   0   1.0   
0.253578781541   0.2   0   0.031476997578692496   2   1.0   
0.367076885789   0.3   0   0.0387409200968523   0   1.0   
0.245448341722   0.2   0   0.01694915254237288   0   1.0   
0.343956753368   0.2   0   0.026634382566585957   5   1.0   
0.0548424165738   0.0   0   0.012106537530266344   1   1.0   
0.180573891269   0.2   0   0.007263922518159807   0   1.0   
0.448000447594   0.2   0   0.06053268765133172   2   1.0   
0.638606056479   0.5   0   0.06537530266343826   3   1.0   
0.411346234231   0.4   0   0.05084745762711865   0   1.0   
0.291354811353   0.1   0   0.043583535108958835   0   1.0   
0.26752908324   0.3   0   0.024213075060532687   0   1.0   
0.194703428469   0.0   0   0.04600484261501211   0   1.951189731211342   
0.149174377904   0.1   0   0.01937046004842615   0   1.951189731211342   
0.399459006684   0.3   0   0.0387409200968523   0   1.951189731211342   
0.314809364045   0.2   0   0.0387409200968523   2   1.951189731211342   
0.184650901236   0.2   0   0.029055690072639227   0   1.951189731211342   
0.0388012577951   0.0   0   0.009685230024213076   0   1.951189731211342   
0.132477858151   0.0   0   0.026634382566585957   0   1.951189731211342   
0.269568668218   0.2   0   0.01694915254237288   1   1.951189731211342   
0.0850381668983   0.0   0   0.01937046004842615   0   1.951189731211342   
0.39089388995   0.5   0   0.03631961259079903   0   1.951189731211342   
0.0850719367448   0.0   0   0.01694915254237288   0   1.951189731211342   
0.34717583524   0.3   0   0.04116222760290557   0   2.951189731211342   
0.119704422039   0.2   0   0.01937046004842615   0   2.951189731211342   
0.292593499705   0.3   0   0.03389830508474576   0   2.951189731211342   
0.14516216104   0.1   0   0.01694915254237288   0   2.7913042265233936   
0.136323185149   0.1   0   0.012106537530266344   0   2.7913042265233936   
0.281814314763   0.2   0   0.01937046004842615   0   2.7913042265233936   
0.41397897256   0.3   0   0.031476997578692496   0   2.7913042265233936   
0.325759400151   0.3   0   0.021791767554479417   1   2.7913042265233936   
0.16400913185   0.2   0   0.009685230024213076   0   2.7913042265233936   
0.0440643426852   0.0   0   0.009685230024213076   0   2.7913042265233936   
0.379252831973   0.2   0   0.04116222760290557   1   2.7913042265233936   
0.316262153803   0.2   0   0.03389830508474576   0   2.7913042265233936   
0.454418748911   0.3   0   0.0387409200968523   0   2.7913042265233936   
0.241378580052   0.1   0   0.014527845036319613   0   2.7913042265233936   
0.239599333487   0.3   0   0.01937046004842615   0   2.7913042265233936   
0.354043209163   0.2   0   0.0387409200968523   2   2.7913042265233936   
0.130526591951   0.1   0   0.014527845036319613   0   2.7913042265233936   
0.247011299416   0.2   0   0.014527845036319613   0   2.7913042265233936   
0.409992932301   0.2   0   0.04116222760290557   0   2.7913042265233936   
0.150815115938   0.0   0   0.021791767554479417   0   2.582520746479515   
0.113071994498   0.1   0   0.014527845036319613   0   2.582520746479515   
0.303576259914   0.3   0   0.03631961259079903   0   2.582520746479515   
0.324975405358   0.3   0   0.04600484261501211   0   2.582520746479515   
0.0250125638244   0.0   0   0.004842615012106538   0   2.582520746479515   
0.305773096871   0.2   0   0.031476997578692496   1   3.4145710408173584   
0.307203768078   0.3   0   0.03631961259079903   0   3.4145710408173584   
0.143903810751   0.1   0   0.01937046004842615   0   3.4145710408173584   
0.47494877501   0.4   0   0.05084745762711865   2   4.0145710408173585   
0.371573026683   0.2   0   0.053268765133171914   0   4.973974264417605   
0.123643365399   0.0   0   0.024213075060532687   0   5.92265756246812   
0.115759244798   0.0   1   0.026634382566585957   0   0   
