1.17108512354   0.7   1   0.043583535108958835   1   1.0   
1.42824140089   0.6   0   0.06053268765133172   2   1.565685424949238   
1.34261777562   0.7   0   0.04600484261501211   0   2.2064416447251896   
1.22006360925   0.4   0   0.05569007263922518   1   2.8602764862562906   
0.331272856858   0.1   0   0.021791767554479417   0   3.22351806488468   
1.11188091332   0.5   0   0.048426150121065374   2   3.954527640745352   
0.470834153683   0.0   0   0.031476997578692496   0   3.954527640745352   
0.787039992191   0.2   0   0.031476997578692496   1   3.954527640745352   
0.64638431369   0.1   0   0.03631961259079903   1   4.798624791552059   
0.345675451835   0.0   0   0.01694915254237288   0   5.210502027076016   
0.672552231887   0.2   0   0.03389830508474576   0   5.482933211047309   
0.528688570029   0.2   0   0.031476997578692496   0   5.482933211047309   
0.912512418277   0.4   0   0.04116222760290557   0   5.7472302809827704   
1.19910430646   0.4   0   0.06053268765133172   1   6.183120175336838   
0.900753488502   0.5   1   0.048426150121065374   1   0   
