0.356346824207   0.1   1   0.014527845036319613   0   1.0   
0.607300085107   0.3   0   0.014527845036319613   0   1.0   
1.05227205977   0.6   0   0.03631961259079903   2   1.6324555320336758   
0.89048002269   0.2   0   0.048426150121065374   7   2.632455532033676   
3.04621860616   0.9   0   0.0774818401937046   4   3.0197538666544177   
1.16629615217   0.2   0   0.01694915254237288   0   3.0197538666544177   
2.20077485709   0.6   0   0.05569007263922518   0   3.4911583874454495   
0.603571191515   0.3   0   0.014527845036319613   0   4.4911583874454495   
1.14970533062   0.3   0   0.03389830508474576   3   5.145812058153426   
0.940768709738   0.4   0   0.024213075060532687   0   5.92040872739491   
1.70590975165   0.6   0   0.04600484261501211   0   6.4823602143439265   
0   0.0   0   0.0   0   6.4823602143439265   
0.535287941454   0.2   1   0.014527845036319613   0   0   
