0.740137191232   0.4   1   0.05084745762711865   2   0   
0.692987187185   0.6   0   0.048426150121065374   0   1.0   
0.578750624895   0.3   0   0.04600484261501211   0   1.0   
0.270746847361   0.2   0   0.029055690072639227   2   1.0   
0.619590377133   0.3   0   0.04600484261501211   7   1.0   
0.161364583986   0.1   0   0.014527845036319613   2   1.0   
0.328534676723   0.3   0   0.026634382566585957   0   1.7416198487095662   
0.184599761366   0.2   0   0.014527845036319613   0   1.7416198487095662   
0.499087541023   0.4   0   0.026634382566585957   0   2.741619848709566   
0.563215547126   0.1   0   0.05569007263922518   3   3.404944806780646   
0.151602511663   0.0   0   0.01694915254237288   0   3.404944806780646   
0.611416960645   0.3   0   0.04600484261501211   1   3.404944806780646   
0.32120777813   0.0   0   0.03631961259079903   2   3.404944806780646   
1.01596708533   0.5   0   0.0774818401937046   1   3.404944806780646   
0.549956829492   0.4   0   0.031476997578692496   0   4.324811017788446   
0.468024673871   0.5   0   0.029055690072639227   0   5.282238125544784   
0.196092622532   0.2   0   0.01694915254237288   0   5.282238125544784   
0.682985622857   0.3   0   0.04116222760290557   0   4.471110487372942   
0.571337215999   0.4   0   0.043583535108958835   0   4.984811654287023   
0.423507233648   0.3   0   0.03631961259079903   0   5.547543088158162   
0.328363629031   0.0   0   0.043583535108958835   1   5.547543088158162   
1.09115799323   0.7   0   0.08716707021791767   2   5.547543088158162   
0.189971513658   0.0   0   0.021791767554479417   0   5.547543088158162   
0.312682091958   0.1   0   0.026634382566585957   0   5.547543088158162   
0.241871236603   0.1   0   0.01694915254237288   0   5.547543088158162   
0.206967293258   0.0   0   0.026634382566585957   0   5.547543088158162   
0.681418732161   0.4   0   0.04116222760290557   0   6.0231379537638325   
0.212582051954   0.1   0   0.01694915254237288   0   4.6559060772694085   
1.03436670606   0.5   0   0.06779661016949153   0   4.88975966394278   
0.473311508299   0.2   0   0.043583535108958835   0   4.88975966394278   
0.183134684122   0.1   1   0.021791767554479417   0   0   
