0.880899057785   0.4   1   0.05811138014527845   0   1.0   
0.262809400927   0.1   0   0.029055690072639227   0   1.0   
0.582505449092   0.3   0   0.05084745762711865   0   1.5563486402641866   
0.240370542815   0.2   0   0.03631961259079903   0   1.5563486402641866   
0.36749333841   0.2   0   0.029055690072639227   0   2.2377337841334333   
0.336839216506   0.4   0   0.04116222760290557   0   2.2377337841334333   
0.190449116402   0.2   0   0.029055690072639227   0   2.2377337841334333   
0.0754927668936   0.1   0   0.014527845036319613   0   2.2377337841334333   
0.673200924012   0.3   0   0.05084745762711865   0   2.769343317204628   
0.408664676832   0.2   0   0.05084745762711865   0   2.769343317204628   
0.377493161262   0.3   0   0.03631961259079903   0   2.769343317204628   
0.270624817123   0.1   0   0.043583535108958835   1   2.769343317204628   
0.608203937128   0.4   0   0.04600484261501211   1   3.367374281954692   
0.310933052127   0.3   0   0.03631961259079903   0   3.367374281954692   
0.388957140513   0.3   0   0.05811138014527845   0   3.367374281954692   
0.14644208687   0.1   0   0.026634382566585957   3   3.367374281954692   
0.394398869738   0.1   0   0.048426150121065374   0   3.367374281954692   
0.278940539049   0.2   0   0.04116222760290557   0   3.367374281954692   
0.566977695738   0.5   0   0.0387409200968523   2   4.0901145684459665   
0.309334147321   0.2   0   0.0387409200968523   0   4.0901145684459665   
0.428587608042   0.2   0   0.03389830508474576   0   4.624637052270815   
0.432401875168   0.2   0   0.031476997578692496   0   5.141034831765137   
0.290022880386   0.2   0   0.043583535108958835   1   5.141034831765137   
0.381343919136   0.2   0   0.026634382566585957   2   3.8418139285188095   
0.819703791752   0.2   0   0.0387409200968523   3   4.259887217095096   
0.258030675686   0.3   0   0.024213075060532687   0   4.5565351565789225   
0.138858832922   0.1   0   0.026634382566585957   0   4.5565351565789225   
0.0232496702679   0.0   0   0.007263922518159807   0   4.5565351565789225   
0.86822185917   0.5   0   0.05811138014527845   0   5.070344459725528   
0.358842066637   0.3   0   0.021791767554479417   1   5.695733227701985   
0.202089654034   0.2   0   0.01937046004842615   0   6.027395706737525   
0.439363573872   0.2   0   0.03389830508474576   1   6.528822243159932   
0.71752496592   0.5   0   0.04600484261501211   0   6.71643887355287   
0.52392290407   0.2   0   0.05084745762711865   0   6.71643887355287   
0.0784281430212   0.0   0   0.009685230024213076   0   6.71643887355287   
0.391624088531   0.4   0   0.031476997578692496   0   6.71643887355287   
0.0361602919158   0.0   0   0.007263922518159807   0   6.71643887355287   
0.56048384874   0.3   0   0.043583535108958835   0   6.937547192909897   
0.53190715184   0.2   0   0.048426150121065374   0   7.147308962543927   
0.433701835779   0.3   0   0.026634382566585957   0   7.407486416779124   
0.0865348252913   0.1   0   0.014527845036319613   0   7.407486416779124   
0.257615397587   0.2   0   0.03389830508474576   0   7.407486416779124   
0.320194313555   0.2   0   0.043583535108958835   0   7.407486416779124   
0.451818269648   0.4   0   0.043583535108958835   0   7.628594736136151   
0.132903679594   0.1   0   0.01694915254237288   0   7.628594736136151   
0.347727504632   0.3   0   0.04600484261501211   0   7.628594736136151   
0.198999426113   0.1   0   0.01937046004842615   0   7.628594736136151   
0.398044099737   0.1   0   0.03631961259079903   0   7.85611331973396   
0.278427332026   0.1   0   0.043583535108958835   0   7.85611331973396   
0.337029197555   0.2   0   0.026634382566585957   0   8.13895603220858   
0.206286123457   0.1   0   0.012106537530266344   0   8.55847957147664   
0.224066504476   0.0   0   0.03389830508474576   0   8.55847957147664   
0.491896638412   0.3   0   0.0387409200968523   0   8.793000359467811   
0.472187837575   0.4   0   0.0387409200968523   2   9.027521147458982   
0.227606069532   0.1   0   0.014527845036319613   1   6.893086451650566   
0.288376795446   0.1   0   0.04600484261501211   2   6.893086451650566   
0.362662141406   0.4   0   0.01694915254237288   0   7.355996501536842   
0.330799250855   0.3   0   0.031476997578692496   0   7.514110384545261   
0.312457531486   0.2   1   0.01937046004842615   3   0   
