0.811015626135   0.6   1   0.04600484261501211   1   1.0   
0.818838589098   0.7   0   0.04600484261501211   0   1.5   
0.411402588147   0.3   0   0.024213075060532687   1   2.189202437604511   
0.363467981232   0.3   0   0.026634382566585957   0   2.8463311782772824   
0.457050638346   0.3   0   0.03389830508474576   0   2.8463311782772824   
0.221780550903   0.0   0   0.021791767554479417   0   2.8463311782772824   
0.0837152391052   0.0   0   0.004842615012106538   0   2.8463311782772824   
0.138867070071   0.1   0   0.012106537530266344   0   2.8463311782772824   
0.0519920109193   0.0   0   0.004842615012106538   0   2.8463311782772824   
0.835904328614   0.7   0   0.04116222760290557   0   3.3749253181482066   
0.337319210378   0.0   0   0.0387409200968523   1   3.3749253181482066   
0.328069168689   0.2   0   0.01937046004842615   0   3.3749253181482066   
0.476399788567   0.3   0   0.026634382566585957   0   3.9793958429751957   
0.729528319898   0.4   0   0.048426150121065374   0   4.4667355602156436   
0.548444970857   0.4   0   0.03389830508474576   0   5.049217932726361   
0.153850658732   0.0   0   0.01694915254237288   0   5.049217932726361   
0.326487783999   0.1   0   0.031476997578692496   0   5.049217932726361   
0.0509911161735   0.0   0   0.007263922518159807   0   5.049217932726361   
0.0896454593017   0.0   0   0.009685230024213076   0   5.049217932726361   
0.105319567375   0.0   0   0.012106537530266344   0   5.049217932726361   
0.608083214742   0.3   0   0.05084745762711865   2   5.524812798332032   
0.239599101536   0.2   0   0.012106537530266344   0   6.499492232812928   
0.625354159776   0.3   0   0.05084745762711865   0   6.953938862386121   
0.412933239048   0.1   0   0.03389830508474576   0   6.953938862386121   
0.280525348031   0.0   0   0.029055690072639227   0   6.953938862386121   
0.689279209087   0.2   0   0.05569007263922518   0   6.953938862386121   
0.455582638024   0.2   0   0.04116222760290557   1   6.953938862386121   
0.383024319302   0.2   0   0.031476997578692496   0   7.55840938721311   
0.383080422295   0.3   0   0.01694915254237288   0   8.382163858261023   
0.927158725138   0.2   0   0.08716707021791767   4   5.984986452824725   
0.423290156416   0.2   0   0.03389830508474576   2   6.677806775852276   
0.375768877132   0.1   1   0.03389830508474576   0   0   
