0.934414179946   0.4   1   0.048426150121065374   0   1.0   
0.877010578315   0.4   0   0.04600484261501211   0   1.512989176042577   
0.646651828685   0.4   0   0.03631961259079903   0   1.512989176042577   
0.651551460112   0.4   0   0.031476997578692496   4   1.512989176042577   
0.202301593956   0.1   0   0.01937046004842615   0   1.956898374295201   
0.788894141485   0.4   0   0.03389830508474576   0   1.956898374295201   
0.692007252518   0.3   0   0.03631961259079903   0   1.956898374295201   
0.288512469981   0.0   0   0.024213075060532687   0   2.404111969795159   
0.395819527724   0.2   0   0.029055690072639227   1   2.812360260259022   
0.127670496381   0.1   0   0.009685230024213076   0   2.812360260259022   
0.556507856741   0.2   0   0.026634382566585957   0   2.812360260259022   
0.78806024329   0.4   0   0.03389830508474576   0   2.812360260259022   
0.707595275879   0.2   0   0.0387409200968523   0   3.1456935935923553   
0.743151552375   0.4   0   0.03631961259079903   0   3.1456935935923553   
0.378755083903   0.1   0   0.021791767554479417   0   3.1456935935923553   
0.997798920321   0.3   0   0.05811138014527845   0   3.1456935935923553   
0.580708463586   0.3   0   0.031476997578692496   0   3.1456935935923553   
0.368284754162   0.2   0   0.031476997578692496   0   3.1456935935923553   
0.510587518429   0.2   0   0.024213075060532687   0   3.1456935935923553   
0.0967588270189   0.0   0   0.009685230024213076   0   3.1456935935923553   
0.616746758911   0.2   0   0.03631961259079903   0   3.5108419652624656   
0.138441818049   0.0   0   0.014527845036319613   0   3.5108419652624656   
0.421992891517   0.2   0   0.0387409200968523   0   3.5108419652624656   
0.581657405948   0.3   0   0.029055690072639227   0   3.5108419652624656   
0.60890968076   0.2   0   0.043583535108958835   0   3.844175298595799   
0.485973692069   0.2   0   0.021791767554479417   0   3.844175298595799   
0.396671941032   0.0   1   0.03389830508474576   1   0   
