1.56499341197   0.6   1   0.05569007263922518   1   1.0   
0.671400361713   0.4   0   0.03389830508474576   1   1.0   
0.333143924769   0.2   0   0.01694915254237288   0   1.0   
0.581075875055   0.3   0   0.03389830508474576   1   1.0   
0.345791102948   0.2   0   0.01937046004842615   0   1.0   
0.248624376051   0.2   0   0.01694915254237288   0   1.0   
0.732169889895   0.5   0   0.026634382566585957   1   1.0   
0.27883131729   0.1   0   0.014527845036319613   0   1.0   
0.944188234899   0.5   0   0.04116222760290557   1   1.0   
0.225194519131   0.2   0   0.012106537530266344   0   1.0   
0.591014157818   0.4   0   0.029055690072639227   1   1.0   
0.601819050301   0.4   0   0.03631961259079903   0   1.6969320524371696   
0.59026624753   0.4   0   0.029055690072639227   1   1.6969320524371696   
0.181302696202   0.1   0   0.01937046004842615   0   1.6969320524371696   
0.306680773999   0.2   0   0.01937046004842615   0   1.6969320524371696   
0.554478110527   0.4   0   0.01694915254237288   1   1.6969320524371696   
0.145528613799   0.0   0   0.014527845036319613   0   1.6969320524371696   
0.427952583008   0.2   0   0.026634382566585957   0   1.6969320524371696   
0.584561790036   0.4   0   0.029055690072639227   1   1.6969320524371696   
0.594144768807   0.2   0   0.029055690072639227   1   2.539940745006706   
0.603418196949   0.2   0   0.024213075060532687   0   3.351528193958477   
0.73011612064   0.4   0   0.043583535108958835   2   3.351528193958477   
0.204812918896   0.1   0   0.014527845036319613   0   3.351528193958477   
0.513168278537   0.4   0   0.029055690072639227   0   4.351528193958477   
0.676876418105   0.4   0   0.0387409200968523   1   4.351528193958477   
0.201158284724   0.1   0   0.01694915254237288   0   4.351528193958477   
0.225073710392   0.1   0   0.021791767554479417   0   4.768533961252259   
0.547319889667   0.3   0   0.031476997578692496   1   5.600584255590102   
0.393988836278   0.4   0   0.029055690072639227   0   5.600584255590102   
0.907038415593   0.5   0   0.03631961259079903   1   5.600584255590102   
0.245316514101   0.1   0   0.01694915254237288   0   5.93925104565174   
0.588123674345   0.4   0   0.029055690072639227   1   5.93925104565174   
0.589588392089   0.4   0   0.0387409200968523   1   5.489651783078522   
0.778195200629   0.3   0   0.04600484261501211   1   5.489651783078522   
0.518451632171   0.2   0   0.0387409200968523   1   5.489651783078522   
0.790210882409   0.5   0   0.053268765133171914   1   5.489651783078522   
1.04811531494   0.7   0   0.048426150121065374   1   5.091744853255502   
0.852734491899   0.4   0   0.06537530266343826   1   5.378632508530126   
0.555336001623   0.3   0   0.03631961259079903   1   5.763532687989876   
0.231025380578   0.1   1   0.021791767554479417   0   0   
