0.833339371913   0.6   1   0.05084745762711865   0   1.0   
0.845567548706   0.5   0   0.05084745762711865   0   2.0   
0.488248790464   0.3   0   0.043583535108958835   0   2.0   
0.540183052682   0.4   0   0.031476997578692496   1   2.573591584938886   
0.634461882318   0.6   0   0.026634382566585957   0   3.367359939919292   
0.226776823208   0.0   0   0.03389830508474576   0   3.367359939919292   
0.323095535397   0.2   0   0.021791767554479417   0   3.367359939919292   
0.4707053955   0.4   0   0.026634382566585957   0   4.367359939919291   
0.56419607247   0.3   0   0.0387409200968523   0   3.633617135480253   
0.841417190665   0.3   0   0.043583535108958835   1   4.528044326480168   
0.032066728922   0.0   0   0.004842615012106538   0   4.528044326480168   
0.670214710262   0.3   0   0.05811138014527845   0   4.9060087994893955   
0.503333585733   0.1   0   0.05569007263922518   0   4.9060087994893955   
0.243557744071   0.0   0   0.029055690072639227   0   4.9060087994893955   
0.0257322584789   0.0   0   0.002421307506053269   0   4.9060087994893955   
0.114083588749   0.0   0   0.014527845036319613   0   4.9060087994893955   
0.391061758311   0.3   0   0.012106537530266344   0   5.800435990489311   
0.583595645757   0.2   0   0.043583535108958835   0   6.743245032071374   
0.20194076593   0.1   0   0.021791767554479417   0   6.743245032071374   
0.193808272345   0.1   0   0.024213075060532687   1   6.743245032071374   
0.650514113625   0.3   0   0.048426150121065374   0   7.169646464782595   
0.271131335461   0.1   0   0.031476997578692496   0   7.169646464782595   
0.559990388012   0.3   0   0.031476997578692496   3   7.686044244276917   
0.252107673466   0.2   0   0.01694915254237288   1   7.686044244276917   
0.27298866395   0.2   0   0.026634382566585957   1   7.686044244276917   
0.593558236617   0.3   0   0.04600484261501211   0   8.14487571201804   
0.575208316965   0.5   0   0.029055690072639227   0   8.722225981207666   
0.451581083266   0.3   0   0.021791767554479417   0   9.388892647874332   
0.794519623065   0.5   0   0.05569007263922518   0   10.222950304102632   
0.0199329839982   0.0   0   0.002421307506053269   0   10.222950304102632   
0.106708283214   0.1   0   0.012106537530266344   0   10.222950304102632   
0.873030374448   0.5   0   0.05084745762711865   0   10.639979132216782   
0.560137559387   0.3   0   0.04116222760290557   0   5.637859379871455   
0.530585035084   0.1   0   0.06537530266343826   2   5.7997448225515305   
0.512537758717   0.2   0   0.03631961259079903   0   6.024837396099986   
0.318757736174   0.2   0   0.029055690072639227   0   6.024837396099986   
0.399125168229   0.1   1   0.029055690072639227   0   0   
