0.626653669009   0.3   1   0.043583535108958835   1   1.0   
0.751086845675   0.5   0   0.053268765133171914   0   1.0   
0.749875381123   0.7   0   0.05084745762711865   0   1.0   
0.620747064694   0.6   0   0.03389830508474576   0   1.0   
0.225569250927   0.3   0   0.014527845036319613   0   1.0   
0.837371347561   0.3   0   0.06537530266343826   1   1.717137165600636   
0.340022149527   0.2   0   0.031476997578692496   2   2.4592859858188416   
0.421707535984   0.2   0   0.04116222760290557   0   3.3337606180140478   
0.0221071045699   0.0   0   0.004842615012106538   0   3.3337606180140478   
0.44447513067   0.1   0   0.05569007263922518   0   3.3337606180140478   
0.0399335328459   0.0   0   0.007263922518159807   0   3.3337606180140478   
0.466757379934   0.1   0   0.053268765133171914   0   3.2648443510678002   
0.329559397267   0.2   0   0.03389830508474576   0   3.8772167867635945   
0.307686333051   0.0   0   0.04116222760290557   0   4.471305312549599   
0.58831486489   0.4   0   0.05084745762711865   0   4.471305312549599   
0.143860728791   0.1   0   0.01694915254237288   0   4.471305312549599   
0.202872460073   0.1   0   0.026634382566585957   0   4.471305312549599   
0.380292327106   0.3   0   0.031476997578692496   0   4.471305312549599   
0.0668721733688   0.0   0   0.012106537530266344   0   4.471305312549599   
0.388482726684   0.2   0   0.03389830508474576   0   4.471305312549599   
0.279451069925   0.0   0   0.03389830508474576   0   4.471305312549599   
0.313650705503   0.0   0   0.0387409200968523   0   4.993538280416693   
0.393398081812   0.4   0   0.024213075060532687   0   5.768134949658176   
0.502463404479   0.3   0   0.05084745762711865   0   6.3026574334830245   
0.254448615752   0.1   0   0.024213075060532687   0   6.3026574334830245   
0.259882383542   0.1   0   0.029055690072639227   0   6.3026574334830245   
0.388020377374   0.1   0   0.04600484261501211   2   6.3026574334830245   
0.23393781637   0.0   0   0.024213075060532687   1   6.3026574334830245   
0.514713276717   0.5   0   0.03631961259079903   0   6.9351129655167005   
0.0637637919162   0.1   0   0.004842615012106538   0   6.9351129655167005   
0.149988283768   0.1   0   0.007263922518159807   0   6.9351129655167005   
0.551773360509   0.6   0   0.029055690072639227   0   6.9351129655167005   
0.295723891195   0.3   0   0.014527845036319613   0   6.9351129655167005   
0.507036215828   0.3   0   0.026634382566585957   0   6.9351129655167005   
0.240092534115   0.2   0   0.014527845036319613   0   6.9351129655167005   
0.351343015934   0.3   0   0.029055690072639227   1   6.9351129655167005   
0.316507766362   0.2   0   0.021791767554479417   0   6.9351129655167005   
0.363514761562   0.3   0   0.021791767554479417   0   6.9351129655167005   
0.160949554081   0.1   0   0.014527845036319613   0   6.9351129655167005   
0.219656122852   0.3   0   0.007263922518159807   0   6.9351129655167005   
0.39118169038   0.4   0   0.024213075060532687   0   6.9351129655167005   
0.197750741933   0.2   0   0.007263922518159807   0   6.9351129655167005   
0.440011097667   0.2   0   0.0387409200968523   0   6.9351129655167005   
0.229383725684   0.2   0   0.01694915254237288   0   6.9351129655167005   
0.153346625423   0.1   0   0.004842615012106538   0   6.9351129655167005   
0.174171372321   0.2   0   0.009685230024213076   0   6.9351129655167005   
0.0582540734258   0.0   0   0.009685230024213076   0   6.9351129655167005   
0.560862637051   0.4   0   0.03631961259079903   0   7.567568497550376   
0.090496908426   0.1   0   0.009685230024213076   0   7.567568497550376   
0.131950605205   0.1   1   0.009685230024213076   0   0   
