1.26220751324   0.5   1   0.04600484261501211   0   1.0   
0.58220601556   0.2   0   0.031476997578692496   0   1.0   
0.931547266687   0.6   0   0.0387409200968523   1   1.2182178902359924   
0.660852417154   0.4   0   0.024213075060532687   0   1.5344456562528304   
0.538304937117   0.2   0   0.024213075060532687   1   1.8506734222696684   
0.735688622566   0.4   0   0.03389830508474576   0   2.385195906094517   
1.04182174648   0.2   0   0.043583535108958835   0   2.5983966224501276   
0.075868893627   0.0   0   0.009685230024213076   0   2.5983966224501276   
1.14097256548   0.6   0   0.048426150121065374   0   3.045610217950086   
0.843567497271   0.4   0   0.0387409200968523   0   3.8621067988778117   
0.889435413757   0.5   0   0.03389830508474576   0   4.129368040790236   
0.950345124424   0.3   0   0.03631961259079903   0   4.387566930537397   
0.682734380857   0.1   0   0.04116222760290557   0   4.387566930537397   
0.582690371903   0.1   0   0.04116222760290557   0   4.387566930537397   
0.57853231644   0.1   0   0.048426150121065374   0   4.387566930537397   
1.32809418071   0.4   0   0.04600484261501211   0   4.5732622687144495   
0.419544586962   0.1   0   0.029055690072639227   0   4.5732622687144495   
0.760666775584   0.4   0   0.03389830508474576   0   5.107784752539298   
0.450130349667   0.2   0   0.01937046004842615   0   5.107784752539298   
0.120577436444   0.0   0   0.012106537530266344   0   5.107784752539298   
0.967931514893   0.1   0   0.0387409200968523   0   5.107784752539298   
0.482511069059   0.2   1   0.026634382566585957   1   0   
