2.01690166663   0.5   1   0.06053268765133172   5   1.0   
0.471948356738   0.2   0   0.012106537530266344   0   1.5440588203494174   
0.661550063291   0.3   0   0.021791767554479417   0   1.5440588203494174   
1.42124180753   0.4   0   0.043583535108958835   4   2.135214622093808   
0.706282817503   0.1   0   0.026634382566585957   0   2.4048945670791047   
0.69031483434   0.1   0   0.029055690072639227   0   2.4048945670791047   
0.862592667193   0.1   0   0.031476997578692496   0   2.6529640362575218   
2.33676197047   0.7   0   0.07263922518159806   0   3.2492488302574656   
1.1146988401   0.5   0   0.03631961259079903   2   3.4963828369471344   
0.59998225692   0.3   0   0.01937046004842615   0   3.739339165899022   
0.983536961761   0.6   0   0.029055690072639227   2   4.334458201610926   
1.02138815455   0.5   1   0.029055690072639227   1   0   
