1.29475731243   0.7   1   0.05811138014527845   1   0   
1.0187489135   0.6   0   0.05084745762711865   0   0   
1.08203785002   0.3   0   0.04600484261501211   0   1.0   
0.271844853595   0.2   0   0.009685230024213076   0   1.0   
0.56379650488   0.4   0   0.024213075060532687   1   1.0   
0.4544318529   0.2   0   0.029055690072639227   0   1.0   
0.959244407097   0.4   0   0.05569007263922518   1   1.0   
0.362093787689   0.2   0   0.012106537530266344   0   1.0   
0.86075153933   0.5   0   0.05084745762711865   1   1.0   
0.726630157194   0.5   0   0.0387409200968523   1   1.834057656228299   
1.17996466496   0.7   0   0.05569007263922518   0   1.794170261149527   
0.331678659624   0.3   0   0.01694915254237288   0   1.794170261149527   
0.494995508914   0.4   0   0.026634382566585957   0   1.794170261149527   
0.680919688764   0.3   0   0.04600484261501211   0   1.794170261149527   
1.19835165582   0.4   0   0.09685230024213075   1   2.044170261149527   
0.753622292832   0.3   0   0.048426150121065374   0   2.044170261149527   
1.16956390941   0.7   0   0.048426150121065374   1   2.044170261149527   
2.25094731312   0.5   0   0.0847457627118644   0   2.044170261149527   
0.589886520975   0.3   0   0.03631961259079903   0   2.044170261149527   
0.828296341007   0.4   0   0.048426150121065374   4   2.044170261149527   
0.2910748497   0.1   0   0.021791767554479417   1   2.044170261149527   
0.833090766182   0.5   0   0.04600484261501211   0   2.044170261149527   
0.27518229448   0.1   0   0.012106537530266344   0   2.044170261149527   
0.329858257742   0.1   0   0.03389830508474576   0   2.044170261149527   
1.1368056604   0.6   0   0.06295399515738499   2   2.044170261149527   
1.26977981928   0.3   0   0.06053268765133172   0   2.044170261149527   
0.443010373818   0.1   0   0.0387409200968523   1   2.4771829630417463   
0.14723479676   0.0   1   0.01694915254237288   0   0   
