0.386721421577   0.4   1   0.0387409200968523   0   1.0   
0.199464493974   0.2   0   0.026634382566585957   0   1.0   
0.427339654676   0.3   0   0.04600484261501211   1   1.0   
0.316915649691   0.2   0   0.04600484261501211   0   1.917662935482247   
0.244826433234   0.3   0   0.03631961259079903   0   1.917662935482247   
0.266305370978   0.3   0   0.024213075060532687   0   1.917662935482247   
0.25910601816   0.2   0   0.03389830508474576   2   1.917662935482247   
0.347880241778   0.4   0   0.043583535108958835   0   2.8604719770643103   
0.168789995664   0.2   0   0.014527845036319613   0   2.8604719770643103   
0.453445554012   0.4   0   0.048426150121065374   0   2.8604719770643103   
0.585459943435   0.5   0   0.06053268765133172   1   2.8604719770643103   
0.462750546157   0.3   0   0.048426150121065374   0   2.5990524471122542   
0.0553256385584   0.0   0   0.007263922518159807   0   2.0066086843585396   
0.286582497571   0.4   0   0.03631961259079903   0   2.0066086843585396   
0.379921898787   0.2   0   0.053268765133171914   2   2.0066086843585396   
0.177477412857   0.1   0   0.01937046004842615   0   2.0066086843585396   
0.422288102775   0.2   0   0.05569007263922518   2   2.0066086843585396   
0.112187123983   0.2   0   0.01937046004842615   0   2.0066086843585396   
0.529029237006   0.2   0   0.06779661016949153   2   2.0066086843585396   
0.476179170288   0.2   0   0.053268765133171914   0   2.0066086843585396   
0.440135940854   0.3   0   0.05811138014527845   0   2.1764502394802285   
0.304117431803   0.2   0   0.03389830508474576   1   2.1764502394802285   
0.327819994435   0.2   0   0.0387409200968523   2   2.38057438471216   
0.284572882558   0.2   0   0.0387409200968523   0   2.38057438471216   
0.0455107112361   0.0   0   0.007263922518159807   0   2.38057438471216   
0.0607995890734   0.0   0   0.014527845036319613   0   2.38057438471216   
0.152027503215   0.2   0   0.01937046004842615   0   2.38057438471216   
0.387588447366   0.4   0   0.048426150121065374   1   2.5742235520225307   
0.148606527641   0.2   0   0.01937046004842615   0   2.5742235520225307   
0.16801983601   0.1   0   0.01694915254237288   1   2.5742235520225307   
0.236108400576   0.2   0   0.03389830508474576   0   2.5742235520225307   
0.121366625115   0.2   0   0.021791767554479417   1   2.5742235520225307   
0.0584946837945   0.0   0   0.014527845036319613   0   2.5742235520225307   
0.485660799921   0.5   0   0.043583535108958835   0   2.7678727193329014   
0.165154216359   0.1   0   0.014527845036319613   0   2.7678727193329014   
0.111705789867   0.1   0   0.01694915254237288   0   2.7678727193329014   
0.277849553755   0.3   0   0.03389830508474576   0   2.7678727193329014   
0.0775783879684   0.1   0   0.012106537530266344   0   2.7678727193329014   
0.279044161295   0.3   0   0.048426150121065374   1   2.7678727193329014   
0.40514432594   0.2   0   0.0774818401937046   2   2.7678727193329014   
0.478893464816   0.3   0   0.053268765133171914   1   2.9525099558019003   
0.166599749582   0.1   0   0.029055690072639227   0   2.9525099558019003   
0.25236294452   0.2   0   0.04600484261501211   1   2.9525099558019003   
0.217483754554   0.0   0   0.04116222760290557   2   2.9525099558019003   
0.316007746054   0.1   0   0.05084745762711865   1   2.9525099558019003   
0.224972684527   0.2   0   0.026634382566585957   0   3.4747429236689937   
0.132317563923   0.1   0   0.012106537530266344   1   3.4747429236689937   
0.213314646641   0.1   0   0.04116222760290557   0   3.4747429236689937   
0.249081512124   0.3   0   0.026634382566585957   0   3.4747429236689937   
0.198820511897   0.2   0   0.024213075060532687   0   3.7247429236689937   
0.387932136608   0.4   0   0.031476997578692496   0   3.7247429236689937   
0.253132539595   0.2   0   0.029055690072639227   0   3.7247429236689937   
0.367975270802   0.2   0   0.048426150121065374   0   3.7247429236689937   
0.196645393463   0.1   0   0.01694915254237288   1   3.7247429236689937   
0.0672960704229   0.0   0   0.009685230024213076   0   3.7247429236689937   
0.396129750372   0.3   0   0.053268765133171914   0   3.9093801601379923   
0.26756550414   0.3   0   0.01694915254237288   0   4.23670699549198   
0.186316459174   0.0   1   0.03389830508474576   0   0   
