1.83041846143   0.8   1   0.053268765133171914   1   1.0   
0.531719144375   0.1   0   0.031476997578692496   3   1.0   
0.706189533646   0.4   0   0.024213075060532687   0   1.4482107285003978   
0.608802821208   0.1   0   0.03631961259079903   1   1.4482107285003978   
0.374704076655   0.0   0   0.024213075060532687   0   1.4482107285003978   
0.553501119371   0.2   0   0.021791767554479417   0   1.4482107285003978   
0.637438074788   0.2   0   0.03389830508474576   0   1.4482107285003978   
1.94413778345   0.5   0   0.09200968523002422   6   1.5578429809137764   
1.65321539454   0.7   0   0.06053268765133172   5   1.8514530906711282   
0.819150805319   0.4   0   0.026634382566585957   0   2.0898187379825264   
0.310890363007   0.2   0   0.012106537530266344   0   2.0898187379825264   
0.667662714958   0.3   0   0.026634382566585957   0   2.5665500326053223   
1.18262281533   0.4   0   0.053268765133171914   3   2.721593450841833   
1.48918529543   0.5   0   0.048426150121065374   1   2.8709970270086322   
1.21373519654   0.5   0   0.031476997578692496   0   3.4462207686441597   
0.540761414811   0.2   1   0.026634382566585957   0   0   
