0.835079246121   0.6   1   0.04600484261501211   1   1.0   
0.975393603557   0.5   0   0.05084745762711865   0   1.4777665429529545   
0.510134737806   0.3   0   0.03631961259079903   0   1.4777665429529545   
0.680217372947   0.5   0   0.04600484261501211   0   2.0034240259908014   
0.790229259125   0.4   0   0.043583535108958835   0   2.0034240259908014   
0.46447027703   0.2   0   0.024213075060532687   0   2.0034240259908014   
0.612772313041   0.3   0   0.03631961259079903   0   2.0034240259908014   
0.376721189406   0.2   0   0.043583535108958835   2   2.5434857508581232   
0.439553997022   0.3   0   0.04116222760290557   0   2.5434857508581232   
0.582340014813   0.2   0   0.048426150121065374   0   3.055833289156103   
0.419386777546   0.3   0   0.021791767554479417   0   3.055833289156103   
0.306707340384   0.3   0   0.024213075060532687   0   3.055833289156103   
0.27112973165   0.3   0   0.031476997578692496   0   3.055833289156103   
0.0826423854783   0.0   0   0.012106537530266344   0   3.9821879298059972   
0.379418033919   0.3   0   0.029055690072639227   0   3.9821879298059972   
0.706886627329   0.2   0   0.06537530266343826   1   3.9821879298059972   
0.480755563893   0.2   0   0.031476997578692496   1   3.9821879298059972   
0.23681478296   0.1   0   0.024213075060532687   0   4.689294710992545   
0.682169456288   0.3   0   0.048426150121065374   0   4.689294710992545   
0.393793704384   0.2   0   0.021791767554479417   0   4.689294710992545   
0.497832917066   0.3   0   0.0387409200968523   0   4.689294710992545   
0.768647612127   0.4   0   0.05084745762711865   0   5.177244747466812   
0.264546805526   0.3   0   0.021791767554479417   0   5.922600739966741   
0.432178799457   0.3   0   0.03389830508474576   0   6.520215044633939   
0.244903299513   0.1   0   0.012106537530266344   0   6.520215044633939   
0.459138696035   0.3   0   0.026634382566585957   0   6.520215044633939   
0.280330211863   0.1   0   0.03631961259079903   0   6.520215044633939   
0.287632555252   0.1   0   0.021791767554479417   0   6.520215044633939   
0.724479503996   0.3   0   0.04600484261501211   0   6.520215044633939   
0.791983949221   0.2   0   0.048426150121065374   1   6.520215044633939   
0.723726036798   0.4   0   0.04116222760290557   0   7.355119512397641   
0.282557978443   0.1   1   0.031476997578692496   0   0   
