1.09975265176   0.7   1   0.048426150121065374   0   1.0   
0.955762853104   0.4   0   0.04600484261501211   0   1.0   
0.782831052162   0.4   0   0.029055690072639227   0   1.0   
0.86857664087   0.4   0   0.03631961259079903   0   1.4036867138796656   
0.889376168915   0.7   0   0.031476997578692496   0   1.4036867138796656   
0.955638254608   0.4   0   0.048426150121065374   1   1.7532896632697161   
0.597182051923   0.2   0   0.026634382566585957   1   1.7532896632697161   
0.169182575048   0.0   0   0.01694915254237288   0   1.7532896632697161   
0.687962261716   0.1   0   0.043583535108958835   1   2.1218035288647608   
1.18292012019   0.6   0   0.05569007263922518   0   2.747192296841218   
0.116660827796   0.0   0   0.009685230024213076   0   2.747192296841218   
0.405147244186   0.2   0   0.024213075060532687   0   3.138060276826504   
1.0467354356   0.3   0   0.0387409200968523   0   3.5065741424215484   
0.538494562802   0.2   0   0.014527845036319613   0   3.5065741424215484   
0.99121027423   0.2   0   0.03631961259079903   1   3.5065741424215484   
0.0897538419498   0.0   0   0.009685230024213076   0   3.5065741424215484   
0.619197164012   0.3   0   0.024213075060532687   0   3.5065741424215484   
1.0034490525   0.7   0   0.048426150121065374   0   4.20578004120165   
0.637190519413   0.3   0   0.026634382566585957   0   4.677184561992681   
0.305817092494   0.3   0   0.01694915254237288   0   5.26812140227796   
0.643387639845   0.3   0   0.021791767554479417   0   5.789278708925007   
0.393295761264   0.2   0   0.009685230024213076   0   6.57101466889558   
0.155779461698   0.0   0   0.012106537530266344   0   6.57101466889558   
0.045299639932   0.0   0   0.004842615012106538   0   6.57101466889558   
1.03621921341   0.5   0   0.04600484261501211   0   7.253369756521124   
0.293813760253   0.2   1   0.01937046004842615   0   0   
