1.93540876301   0.8   1   0.09200968523002422   3   1.0   
0.452264793577   0.2   0   0.021791767554479417   0   1.4423258684646916   
0.341159138199   0.1   0   0.01937046004842615   1   2.359837869696213   
0.932460130906   0.5   0   0.048426150121065374   1   2.992293401729889   
0.302097418805   0.2   0   0.01694915254237288   2   3.7990341774943905   
0.972799758019   0.2   0   0.05811138014527845   1   3.7990341774943905   
0.656044740938   0.5   0   0.026634382566585957   0   3.3811706867141993   
0.323373374866   0.1   0   0.024213075060532687   0   3.3811706867141993   
0.117933383685   0.0   0   0.007263922518159807   0   3.3811706867141993   
0.78844109153   0.5   0   0.029055690072639227   0   3.795748785508624   
0.380859646192   0.2   0   0.01694915254237288   1   4.422531956036633   
1.48944848662   0.5   0   0.06053268765133172   1   4.702837911327327   
0.258748507684   0.2   0   0.012106537530266344   0   5.444457760036894   
0.298434245862   0.1   0   0.014527845036319613   0   5.444457760036894   
0.571762912794   0.3   0   0.029055690072639227   1   5.444457760036894   
0.829190863303   0.2   0   0.05084745762711865   3   6.16820462449264   
0.223603390771   0.1   0   0.012106537530266344   0   6.909824473202207   
0.101030474978   0.0   0   0.009685230024213076   0   7.738980670791057   
0.130976756973   0.0   0   0.007263922518159807   0   7.738980670791057   
0.479396368889   0.2   0   0.026634382566585957   0   7.738980670791057   
1.28185364522   0.1   1   0.09200968523002422   4   0   
