1.41407448663   0.4   1   0.04600484261501211   0   1.0   
1.70354343432   0.5   0   0.0387409200968523   0   1.0   
1.4200113813   0.5   0   0.029055690072639227   0   1.0   
1.62507490562   0.6   0   0.0387409200968523   0   1.0   
1.21408411406   0.4   0   0.026634382566585957   2   1.0   
0.467624631334   0.0   0   0.024213075060532687   0   1.0   
0.87257676251   0.2   0   0.021791767554479417   0   1.0   
0.801633166821   0.2   0   0.014527845036319613   0   1.0   
0.897234647413   0.3   0   0.01937046004842615   0   1.0   
0.964988267818   0.2   0   0.026634382566585957   0   1.0   
1.88915289327   0.4   0   0.043583535108958835   2   1.0   
0.976231431766   0.5   0   0.026634382566585957   0   1.0   
1.41676164012   0.2   0   0.03389830508474576   0   1.0   
0.829612129487   0.4   0   0.01937046004842615   0   1.7705517503711221   
0.264131136748   0.0   1   0.014527845036319613   2   0   
