0.347321007568   0.1   1   0.04600484261501211   0   0   
0.461370846272   0.0   0   0.053268765133171914   0   0   
0.293161317379   0.0   0   0.0387409200968523   2   0   
0.0379126685254   0.1   0   0.004842615012106538   0   0   
0.0582846539473   0.0   0   0.009685230024213076   0   0   
0.368951514737   0.2   0   0.04116222760290557   2   0   
0.113675564979   0.1   0   0.012106537530266344   0   0   
0.457292623998   0.3   0   0.053268765133171914   0   0   
0.854548802823   0.6   0   0.09443099273607748   0   0   
0.0274766823622   0.0   0   0.002421307506053269   0   0   
0.34640603586   0.1   0   0.03389830508474576   0   0   
0.181169398935   0.0   0   0.024213075060532687   1   0   
0.278041971777   0.0   0   0.0387409200968523   0   0   
0.102264054673   0.1   0   0.012106537530266344   0   0   
0.143418119722   0.0   0   0.01694915254237288   0   0   
0.527839114639   0.3   0   0.05569007263922518   0   0   
0.361142531667   0.3   0   0.03631961259079903   0   0   
0.322786493856   0.2   0   0.0387409200968523   0   0   
0.302658084324   0.0   0   0.03631961259079903   0   0   
0.367659863209   0.2   0   0.0387409200968523   0   0   
0.207941784674   0.1   0   0.01937046004842615   0   0   
0.430235830847   0.1   0   0.04600484261501211   0   0   
0.484820599995   0.5   0   0.048426150121065374   0   0   
0.331797172985   0.2   0   0.03631961259079903   0   0   
0.186941566862   0.3   0   0.01937046004842615   0   0   
0.192369154519   0.0   0   0.021791767554479417   0   0   
0.0739848989512   0.1   0   0.004842615012106538   0   0   
0.118295369025   0.0   0   0.012106537530266344   0   0   
0.38187602961   0.5   0   0.031476997578692496   0   0   
0.322265089733   0.3   0   0.031476997578692496   0   0   
0.139264765008   0.2   0   0.009685230024213076   0   0   
0.064639473118   0.0   0   0.007263922518159807   0   0   
0.266198388167   0.1   0   0.029055690072639227   1   0   
0.095646656659   0.1   0   0.01694915254237288   0   0   
0.0574520231761   0.1   0   0.009685230024213076   0   0   
0.0686197189984   0.0   0   0.007263922518159807   0   0   
0.396985573158   0.2   0   0.043583535108958835   0   0   
0.226132419946   0.1   0   0.024213075060532687   0   0   
0.429069961457   0.2   0   0.0387409200968523   0   0   
0.365840319192   0.2   0   0.043583535108958835   0   0   
0.622014967496   0.3   0   0.06779661016949153   0   0   
0.317733806255   0.3   0   0.031476997578692496   0   1.0   
0.114880827204   0.1   0   0.009685230024213076   0   1.0   
0.106379803416   0.0   0   0.009685230024213076   0   1.0   
0.052084859899   0.0   1   0.007263922518159807   0   0   
