1.31800491083   0.4   1   0.05569007263922518   0   0   
1.37724509766   0.5   0   0.0387409200968523   0   1.0   
0.434415958991   0.2   0   0.01694915254237288   0   1.0   
1.0083991879   0.4   0   0.026634382566585957   0   1.0   
1.14227447203   0.4   0   0.031476997578692496   0   1.344265186329548   
1.58080780052   0.8   0   0.04116222760290557   2   1.9560404766510462   
0.507430412147   0.1   0   0.024213075060532687   0   1.9560404766510462   
0.504065580065   0.2   0   0.014527845036319613   1   2.5003715306028638   
0.396466423684   0.1   0   0.021791767554479417   1   2.5003715306028638   
0.550392946615   0.2   0   0.021791767554479417   0   2.5003715306028638   
0.745190348929   0.4   0   0.01937046004842615   0   2.9717760513938956   
0.47481661389   0.2   0   0.014527845036319613   1   3.516107105345713   
0.553017080172   0.2   0   0.021791767554479417   0   3.9181222314493978   
0.436650241045   0.2   0   0.01694915254237288   1   3.9181222314493978   
0.547397829615   0.0   0   0.024213075060532687   0   3.9181222314493978   
0.554463402308   0.1   0   0.026634382566585957   0   3.9181222314493978   
0.966144205148   0.1   1   0.0387409200968523   0   0   
