1.83021119926   0.5   1   0.06295399515738499   0   1.0   
0.879299098413   0.4   0   0.01937046004842615   0   1.7745966692414834   
0.55938161112   0.2   0   0.012106537530266344   0   2.264494617798119   
0.0374021563572   0.0   0   0.002421307506053269   0   2.264494617798119   
1.87105277115   0.7   0   0.053268765133171914   0   3.1877096430820537   
0.681805287533   0.2   0   0.029055690072639227   0   3.493214689412443   
0.811162128554   0.3   0   0.01694915254237288   0   3.893214689412443   
0.567536148683   0.1   0   0.014527845036319613   1   4.3252640693063   
0.400904398844   0.2   0   0.026634382566585957   0   4.3252640693063   
0.914542115181   0.4   0   0.0387409200968523   0   4.589839200412759   
1.07443746178   0.4   0   0.024213075060532687   0   5.25916722164002   
0.3387039881   0.1   0   0.014527845036319613   0   5.691216601533878   
0.566816617016   0.3   0   0.007263922518159807   0   6.3022266941946565   
1.02150712808   0.5   0   0.029055690072639227   0   6.831376956407574   
0.354498884089   0.2   0   0.01694915254237288   0   7.2313769564075745   
0.74844866819   0.4   0   0.01937046004842615   0   7.605542695084969   
0.356651367242   0.1   0   0.009685230024213076   0   8.134692957297887   
0.433268742455   0.2   0   0.01694915254237288   0   8.534692957297887   
0.443734622414   0.1   0   0.004842615012106538   0   9.283024434652676   
0.300655012904   0.2   0   0.009685230024213076   0   9.812174696865593   
0.500979322496   0.2   0   0.007263922518159807   0   10.423184789526372   
0.877765693281   0.4   0   0.029055690072639227   0   10.728689835856763   
0.138754155297   0.1   0   0.004842615012106538   0   10.728689835856763   
0.291942322094   0.1   0   0.007263922518159807   0   10.728689835856763   
0.829962593365   0.4   0   0.014527845036319613   0   11.160739215750619   
0.648575779153   0.3   0   0.01694915254237288   0   11.560739215750619   
1.18626465809   0.6   0   0.029055690072639227   0   12.171749308411398   
0.678638832126   0.3   0   0.014527845036319613   0   12.603798688305256   
0.614393154273   0.2   0   0.014527845036319613   0   13.035848068199114   
0.438299574036   0.1   0   0.026634382566585957   0   13.035848068199114   
0.510802570692   0.1   0   0.012106537530266344   0   13.509134450847082   
1.1586270424   0.5   0   0.03389830508474576   0   14.07481987579632   
0.54148381304   0.2   0   0.009685230024213076   0   14.60397013800924   
0.843620614934   0.4   0   0.03389830508474576   0   14.886812850483858   
0.0492518307942   0.0   0   0.004842615012106538   0   14.886812850483858   
0.267182143913   0.1   0   0.007263922518159807   0   14.886812850483858   
1.02225015972   0.2   1   0.0387409200968523   0   0   
