0.541107134619   0.1   1   0.05084745762711865   0   1.0   
0.254013684477   0.2   0   0.014527845036319613   0   1.5345224838248486   
0.378621925842   0.2   0   0.031476997578692496   0   1.8742055940682272   
0.0728118181129   0.1   0   0.009685230024213076   0   2.4865780297640216   
0.0321085802321   0.0   0   0.004842615012106538   0   2.4865780297640216   
0.17591512734   0.0   0   0.01694915254237288   0   2.4865780297640216   
0.12474832504   0.1   0   0.012106537530266344   0   2.4865780297640216   
0.298206767638   0.1   0   0.026634382566585957   0   2.85585250270202   
0.710767633017   0.5   0   0.04600484261501211   4   3.366606421157269   
0.234599720319   0.1   0   0.026634382566585957   1   3.7358808940952675   
0.445664182496   0.3   0   0.03389830508474576   0   3.7358808940952675   
0.607482137038   0.3   0   0.05569007263922518   4   4.225778842651903   
0.954607329133   0.6   0   0.06295399515738499   2   4.435820855256105   
0.706562730842   0.6   0   0.05811138014527845   1   3.957213903504069   
1.39804966567   0.4   0   0.1162227602905569   4   4.183669310332989   
0.64233063026   0.3   0   0.05811138014527845   1   5.017002643666323   
0.114357104159   0.1   0   0.009685230024213076   0   5.425250934130186   
0.296327659437   0.1   0   0.024213075060532687   0   5.941648713624508   
0.170273654563   0.1   0   0.021791767554479417   0   6.213814240600415   
0.461428374434   0.1   0   0.0387409200968523   1   7.088269698364305   
0.599024591259   0.1   0   0.048426150121065374   1   7.088269698364305   
0.238069564332   0.0   0   0.024213075060532687   2   7.088269698364305   
0.343450948779   0.2   0   0.024213075060532687   2   7.088269698364305   
0.399047008446   0.2   0   0.043583535108958835   3   7.088269698364305   
0.467924568428   0.3   0   0.03389830508474576   1   7.888269698364306   
0.629057098547   0.6   0   0.04116222760290557   0   8.082298198393373   
0.364644773553   0.2   0   0.029055690072639227   3   8.082298198393373   
0.617633495142   0.6   0   0.04116222760290557   0   8.66438369848057   
0.464238453905   0.2   0   0.026634382566585957   3   8.90559277414278   
0.348366862583   0.2   0   0.026634382566585957   0   9.388010925467203   
0.649655829344   0.3   1   0.05811138014527845   0   0   
