0.774480610056   0.5   1   0.04600484261501211   0   1.0   
0.31660944501   0.2   0   0.014527845036319613   2   1.5619514869490163   
0.177731387708   0.0   0   0.014527845036319613   0   1.5619514869490163   
0.423884489994   0.3   0   0.021791767554479417   0   2.3784480678767426   
0.294034269358   0.1   0   0.024213075060532687   0   3.1530447371182255   
0.581996108099   0.5   0   0.026634382566585957   1   3.8915936829942224   
0.546292206038   0.2   0   0.043583535108958835   1   3.8915936829942224   
0.770089673187   0.2   0   0.05084745762711865   0   4.809656218364572   
0.129898205989   0.2   0   0.007263922518159807   0   4.474087401382561   
0.13641040301   0.1   0   0.004842615012106538   0   4.474087401382561   
0.324942560438   0.2   0   0.01937046004842615   0   5.086459837078356   
0.499875832469   0.4   0   0.024213075060532687   1   5.643281317686446   
0.276217406637   0.1   0   0.021791767554479417   0   5.643281317686446   
0.598538737908   0.2   0   0.0387409200968523   0   5.643281317686446   
0.330321481467   0.1   0   0.021791767554479417   0   6.1200126123092415   
0.536827885212   0.1   0   0.04116222760290557   2   6.503495106732927   
0.367394249574   0.2   0   0.026634382566585957   0   6.980226401355723   
0.328218170131   0.2   0   0.026634382566585957   0   7.456957695978518   
0.421298584618   0.2   0   0.029055690072639227   0   7.913393160566158   
0.183813173737   0.1   0   0.009685230024213076   0   7.913393160566158   
0.643355216991   0.3   0   0.04600484261501211   2   7.913393160566158   
0.926147218895   0.4   0   0.05811138014527845   3   8.23614177275011   
0.18076209563   0.0   0   0.021791767554479417   0   8.23614177275011   
0.552108467408   0.2   0   0.04116222760290557   0   8.159076700600336   
0.177268520749   0.1   0   0.007263922518159807   0   8.159076700600336   
0.199017944091   0.1   0   0.012106537530266344   0   8.773712997753195   
0.204378168223   0.1   0   0.01937046004842615   0   9.259625655656972   
0.420744166204   0.1   0   0.026634382566585957   0   9.259625655656972   
0.464840803753   0.1   0   0.04116222760290557   5   9.832776958071035   
0.433259690529   0.4   0   0.021791767554479417   1   10.290899805361887   
0.339408583487   0.3   0   0.01694915254237288   1   10.810362287011205   
0.398749755078   0.2   0   0.026634382566585957   2   10.810362287011205   
0.482016112578   0.3   0   0.026634382566585957   0   9.695851818846718   
0.341223659696   0.1   0   0.024213075060532687   2   9.695851818846718   
0.377685605608   0.3   1   0.01694915254237288   0   0   
