0.873105637391   0.6   1   0.031476997578692496   0   1.0   
0.443015959669   0.4   0   0.021791767554479417   0   1.645497224367903   
0.868891108605   0.4   0   0.03631961259079903   0   2.1151654426817648   
0.504656615906   0.2   0   0.031476997578692496   0   2.6522515982113393   
0.6872843581   0.5   0   0.048426150121065374   0   3.0852643001035585   
0.192516986394   0.0   0   0.021791767554479417   0   3.0852643001035585   
1.20459271956   0.3   0   0.09443099273607748   4   3.99255186846726   
0.360059189721   0.1   0   0.021791767554479417   0   4.638049092835162   
0.49639724539   0.2   0   0.031476997578692496   1   3.8785258163171106   
0.504257282709   0.1   0   0.0387409200968523   2   3.8785258163171106   
0.403118202408   0.2   0   0.01694915254237288   0   4.332782578896608   
0.489871640924   0.2   0   0.024213075060532687   0   4.332782578896608   
0.623119303495   0.4   0   0.03389830508474576   0   4.653990616116419   
0.264948689893   0.1   0   0.014527845036319613   0   4.653990616116419   
0.497612361055   0.2   0   0.029055690072639227   0   4.653990616116419   
0.278465400394   0.1   0   0.01937046004842615   0   4.653990616116419   
0.290517864415   0.0   0   0.021791767554479417   2   4.653990616116419   
0.554837821496   0.3   0   0.03631961259079903   1   4.653990616116419   
0.145520501314   0.0   0   0.012106537530266344   0   4.653990616116419   
0.0276000870057   0.0   0   0.002421307506053269   0   4.653990616116419   
0.0414001305086   0.0   0   0.002421307506053269   0   4.653990616116419   
0.171578394383   0.1   0   0.004842615012106538   0   4.653990616116419   
0.0684517206142   0.0   0   0.007263922518159807   0   4.653990616116419   
0.104938908676   0.0   0   0.009685230024213076   0   4.653990616116419   
0.0532787577978   0.0   0   0.004842615012106538   0   4.653990616116419   
0.227404030946   0.3   0   0.009685230024213076   0   4.653990616116419   
1.05488124327   0.6   0   0.05811138014527845   1   5.12539513690745   
0.455109600931   0.2   0   0.031476997578692496   0   5.12539513690745   
0.573316112094   0.3   0   0.029055690072639227   0   5.12539513690745   
0.23223127531   0.0   0   0.024213075060532687   0   5.12539513690745   
0.467057003657   0.2   1   0.031476997578692496   0   0   
