0.66857432668   0.5   1   0.04600484261501211   0   0   
0.729129228072   0.4   0   0.053268765133171914   0   1.0   
0.236106329354   0.2   0   0.014527845036319613   0   1.82915619758885   
0.492219019104   0.2   0   0.0387409200968523   0   2.3535606216739255   
0.589897493842   0.4   0   0.0387409200968523   0   3.0071232421089475   
0.558007148849   0.3   0   0.03389830508474576   0   3.4785277628999793   
0.660541799413   0.3   0   0.04600484261501211   0   4.3961906983822265   
0.567711921645   0.1   0   0.053268765133171914   0   4.8225921310934465   
0.514173097159   0.2   0   0.03389830508474576   0   5.8225921310934465   
0.814313636281   0.6   0   0.0387409200968523   0   5.551729649117431   
0.421283957757   0.1   0   0.0387409200968523   0   5.942597629102717   
0.379771313462   0.2   0   0.021791767554479417   0   6.7013473219203314   
0.270987901174   0.1   0   0.01937046004842615   0   7.231677407810242   
0.793386961113   0.6   0   0.053268765133171914   1   8.19108063141049   
0.484558371889   0.1   0   0.04116222760290557   3   8.554884068964988   
0.479797787502   0.4   0   0.024213075060532687   0   7.011759728137411   
0.784736332259   0.5   0   0.04116222760290557   0   7.737235978247422   
0.0977847923186   0.1   0   0.007263922518159807   0   7.737235978247422   
0.281644571159   0.2   0   0.012106537530266344   0   8.680045019829485   
0.521589484828   0.3   0   0.03389830508474576   0   8.92849701732946   
0.298111694926   0.1   0   0.026634382566585957   0   9.246317880411326   
0.895035712587   0.0   0   0.06779661016949153   1   9.417314272425518   
0.0835029120517   0.0   0   0.009685230024213076   0   9.417314272425518   
0.0908136631261   0.1   0   0.004842615012106538   0   9.417314272425518   
0.0512255247711   0.0   0   0.007263922518159807   0   9.417314272425518   
0.0675642753402   0.0   0   0.007263922518159807   0   9.417314272425518   
0.456760179394   0.3   0   0.01937046004842615   0   10.083980939092184   
0.23766663948   0.1   0   0.01694915254237288   0   10.78670930801849   
0.34723081737   0.3   1   0.01694915254237288   0   0   
