0.904512587788   0.2   1   0.04116222760290557   0   1.0   
0.562810816432   0.3   0   0.029055690072639227   0   1.0   
0.74555624027   0.3   0   0.04116222760290557   2   1.0   
0.137249178615   0.1   0   0.009685230024213076   0   1.0   
0.557745391816   0.2   0   0.024213075060532687   0   1.6519202405202646   
0.443443268428   0.2   0   0.012106537530266344   0   2.573874686249553   
0.0795832414772   0.0   0   0.004842615012106538   0   2.573874686249553   
0.496755562004   0.2   0   0.026634382566585957   2   2.573874686249553   
0.15162825444   0.0   0   0.007263922518159807   0   2.573874686249553   
0.68858253855   0.4   0   0.021791767554479417   0   2.248512611589462   
0.447216055773   0.1   0   0.029055690072639227   1   2.248512611589462   
0.422342509165   0.3   0   0.01694915254237288   0   2.248512611589462   
0.456629590231   0.2   0   0.026634382566585957   0   2.5500239561672253   
0.722188136067   0.2   0   0.03631961259079903   0   3.0350952062398915   
0.62457613416   0.1   0   0.021791767554479417   0   3.701761872906558   
1.03054856703   0.4   0   0.05084745762711865   2   4.5746334338505275   
0.295507302772   0.0   0   0.024213075060532687   0   4.5746334338505275   
0.810491002898   0.3   1   0.029055690072639227   0   0   
