1.20448652047   0.4   1   0.0387409200968523   0   1.0   
1.66869201884   0.7   0   0.048426150121065374   2   1.0   
1.14936587676   0.5   0   0.031476997578692496   0   1.2773500981126147   
0.581386236112   0.2   0   0.01694915254237288   0   1.655314571121842   
1.13283226175   0.5   0   0.029055690072639227   0   1.655314571121842   
2.1956595166   0.2   0   0.08716707021791767   0   1.655314571121842   
0.703722372244   0.2   0   0.029055690072639227   1   1.9439897057166549   
0.399583648859   0.1   0   0.014527845036319613   1   1.9439897057166549   
0.577390222065   0.1   0   0.01937046004842615   1   1.9439897057166549   
0.471352948346   0.1   0   0.021791767554479417   0   1.9439897057166549   
0.767203312341   0.4   0   0.01937046004842615   0   2.2975430963099286   
0.547271591305   0.2   0   0.014527845036319613   1   2.2975430963099286   
0.627910194259   0.3   0   0.021791767554479417   0   2.5990544408876923   
0.471518306195   0.2   0   0.01694915254237288   1   2.9770189138969196   
0.628514508412   0.1   0   0.024213075060532687   0   3.2932466799137576   
0.606336471741   0.1   1   0.026634382566585957   0   0   
