0.531328864215   0.3   1   0.03631961259079903   0   0   
0.708991685683   0.6   0   0.05084745762711865   1   0   
0.409337905274   0.2   0   0.029055690072639227   0   0   
0.0583524879227   0.0   0   0.007263922518159807   0   0   
0.61184129995   0.2   0   0.053268765133171914   0   0   
0.269830712136   0.1   0   0.031476997578692496   0   0   
0.201612538096   0.1   0   0.012106537530266344   0   0   
0.453047087497   0.2   0   0.03631961259079903   0   0   
0.117484785944   0.0   0   0.014527845036319613   0   0   
0.310307521463   0.1   0   0.03389830508474576   0   0   
0.146701457471   0.1   0   0.01694915254237288   0   0   
0.282445577745   0.2   0   0.012106537530266344   0   0   
0.404111492734   0.1   0   0.03631961259079903   0   0   
0.234555673014   0.2   0   0.007263922518159807   0   0   
0.137037074104   0.0   0   0.01937046004842615   0   0   
0.196138430923   0.2   0   0.014527845036319613   0   0   
0.236157956873   0.2   0   0.021791767554479417   0   0   
0.197832059635   0.0   0   0.026634382566585957   0   0   
0.653462451824   0.3   0   0.05811138014527845   2   0   
0.628646844414   0.2   0   0.04600484261501211   0   0   
0.125955411055   0.1   0   0.012106537530266344   0   0   
0.112127645895   0.1   0   0.014527845036319613   0   0   
0.115917930506   0.0   0   0.014527845036319613   0   0   
0.37589813927   0.1   0   0.029055690072639227   0   0   
0.195951786594   0.1   0   0.01937046004842615   0   0   
0.586284108018   0.4   0   0.043583535108958835   0   0   
0.209966196351   0.1   0   0.024213075060532687   0   0   
0.411032886062   0.2   0   0.03389830508474576   1   0   
0.254496975852   0.1   0   0.029055690072639227   2   0   
0.235770326377   0.2   0   0.014527845036319613   0   0   
0.207035359885   0.0   0   0.029055690072639227   0   0   
0.490138463261   0.1   0   0.031476997578692496   0   0   
0.792215609982   0.3   0   0.06537530266343826   1   1.0   
0.115479762761   0.2   0   0.009685230024213076   0   1.0   
0.388997398699   0.4   0   0.026634382566585957   0   1.5773502691896257   
0.348602629687   0.1   0   0.04116222760290557   0   1.5773502691896257   
0.114840121164   0.1   0   0.009685230024213076   0   1.5773502691896257   
0.194722563512   0.0   1   0.024213075060532687   0   0   
