0.0606153054579   0.0   1   0.004842615012106538   0   0   
0.501609167045   0.1   0   0.024213075060532687   0   1.0   
0.240061561002   0.0   0   0.024213075060532687   0   1.0   
0.672442365372   0.4   0   0.03389830508474576   2   1.4225771273642582   
0.602409521633   0.2   0   0.04600484261501211   2   1.7676099070354354   
0.107047428722   0.0   0   0.012106537530266344   0   1.7676099070354354   
0.736977648399   0.3   0   0.0387409200968523   2   2.49057955224279   
0.751777664212   0.5   0   0.04600484261501211   1   3.408242487725037   
0.238996028229   0.1   0   0.01937046004842615   1   3.408242487725037   
0.557251457958   0.3   0   0.031476997578692496   0   4.147842749358675   
0.272139310841   0.0   0   0.029055690072639227   0   4.147842749358675   
0.760597821451   0.5   0   0.04116222760290557   2   4.39000513340357   
0.488511243499   0.0   0   0.0387409200968523   0   4.39000513340357   
0.464922517702   0.2   0   0.024213075060532687   0   5.079207571008081   
0.203648273282   0.1   0   0.01937046004842615   0   5.464483446193642   
0.110374883331   0.1   0   0.009685230024213076   0   5.464483446193642   
0.715890650711   0.3   0   0.04116222760290557   4   5.728780516129103   
0.211405889967   0.2   0   0.01694915254237288   1   5.728780516129103   
1.02395605942   0.6   0   0.05084745762711865   2   6.410450460488893   
0.601494406066   0.4   0   0.05084745762711865   1   6.864897090062086   
0.240036501277   0.2   0   0.021791767554479417   1   6.864897090062086   
0.608412713603   0.3   0   0.03389830508474576   0   7.156138276317445   
0.384469890994   0.1   0   0.01694915254237288   0   7.568015511841402   
0.206326128262   0.0   0   0.021791767554479417   1   7.568015511841402   
0.848907337214   0.6   0   0.03389830508474576   0   8.441739070607479   
0.157314110125   0.0   0   0.01694915254237288   0   8.441739070607479   
0.18321129746   0.1   0   0.01694915254237288   0   8.853616306131435   
0.725321798391   0.3   0   0.03389830508474576   0   9.727339864897512   
0.866103269719   0.3   0   0.06053268765133172   0   10.70594156647103   
0.533413633375   0.3   0   0.024213075060532687   0   11.39514400407554   
0.708755124419   0.4   1   0.03631961259079903   0   0   
