0.350163061883   0.1   1   0.05811138014527845   0   0   
0.152510771457   0.0   0   0.021791767554479417   0   0   
0.0598144668408   0.0   0   0.012106537530266344   0   0   
0.481107719665   0.4   0   0.0387409200968523   0   0   
0.346647608554   0.1   0   0.048426150121065374   0   0   
0.630959343113   0.4   0   0.043583535108958835   0   0   
0.0650637874269   0.1   0   0.002421307506053269   0   0   
0.0265613751005   0.0   0   0.002421307506053269   0   0   
0.0367920174466   0.1   0   0.002421307506053269   0   0   
0.0453574169205   0.0   0   0.007263922518159807   0   0   
0.306742861473   0.3   0   0.014527845036319613   0   0   
0.147930420152   0.1   0   0.024213075060532687   0   0   
0.191819591779   0.2   0   0.012106537530266344   0   0   
0.416313897323   0.3   0   0.029055690072639227   0   0   
0.299417259396   0.1   0   0.021791767554479417   0   0   
0.652653295084   0.4   0   0.048426150121065374   0   0   
0.154710216108   0.1   0   0.01937046004842615   2   0   
0.144692936175   0.1   0   0.01937046004842615   0   0   
0.279256586935   0.2   0   0.031476997578692496   1   0   
0.385507133086   0.3   0   0.024213075060532687   1   0   
0.581475770509   0.5   0   0.0387409200968523   1   0   
0.244303280487   0.2   0   0.04116222760290557   0   0   
0.153935830285   0.1   0   0.021791767554479417   0   0   
0.0707135967685   0.0   0   0.012106537530266344   0   0   
0.643024119899   0.5   0   0.06295399515738499   3   0   
0.241168785874   0.1   0   0.01694915254237288   2   0   
0.264611505207   0.2   0   0.014527845036319613   1   0   
0.185769904396   0.1   0   0.026634382566585957   0   0   
0.264732007376   0.2   0   0.024213075060532687   1   0   
0.337427851933   0.2   0   0.043583535108958835   1   0   
0.42287331763   0.3   0   0.04116222760290557   3   0   
0.449741758699   0.5   0   0.01937046004842615   1   0   
0.193854233778   0.1   0   0.007263922518159807   0   0   
0.0789879897742   0.0   0   0.014527845036319613   0   0   
0.621815958549   0.4   0   0.05569007263922518   1   0   
0.362928439982   0.3   0   0.0387409200968523   3   0   
0.330082687605   0.1   0   0.021791767554479417   0   0   
0.253822408941   0.1   0   0.031476997578692496   0   0   
0.230327766806   0.1   0   0.026634382566585957   0   0   
0.526699272512   0.2   0   0.053268765133171914   0   0   
0.20266190912   0.2   0   0.024213075060532687   0   0   
0.11337428962   0.1   0   0.01694915254237288   1   0   
0.0354719865173   0.0   0   0.009685230024213076   0   0   
0.16501208697   0.2   0   0.01694915254237288   0   0   
0.169916599405   0.3   0   0.014527845036319613   0   0   
0.384784370421   0.3   0   0.03631961259079903   3   0   
0.275551736205   0.1   0   0.024213075060532687   0   0   
0.170183123786   0.1   0   0.021791767554479417   0   0   
0.141666083153   0.0   0   0.012106537530266344   0   0   
0.339797239344   0.1   0   0.026634382566585957   0   0   
0.120954962668   0.0   0   0.01694915254237288   0   0   
0.451196673301   0.1   0   0.04600484261501211   0   0   
0.537848494769   0.2   0   0.03389830508474576   0   0   
0.275730037123   0.1   0   0.04600484261501211   0   0   
0.0592338800758   0.0   0   0.009685230024213076   0   0   
0.11892236838   0.1   0   0.012106537530266344   0   0   
0.184744484685   0.1   0   0.014527845036319613   0   0   
0.369499848025   0.2   0   0.03631961259079903   0   0   
0.266542155782   0.3   0   0.012106537530266344   0   0   
0.0447500433725   0.0   0   0.009685230024213076   0   0   
0.0714109203663   0.0   1   0.014527845036319613   0   0   
