2.64465134064   0.5   1   0.09443099273607748   4   1.0   
0.759500865782   0.3   0   0.021791767554479417   0   1.0   
0.487501407706   0.3   0   0.01937046004842615   0   1.8512565307587485   
1.65400653018   0.7   0   0.043583535108958835   0   2.139931665353562   
0.672311312336   0.4   0   0.014527845036319613   0   2.139931665353562   
0.202015000583   0.1   0   0.024213075060532687   0   2.139931665353562   
0.364348705481   0.2   0   0.026634382566585957   0   2.5663330980647827   
1.00914519479   0.5   0   0.031476997578692496   0   3.180963757568558   
0.629300687612   0.2   0   0.01937046004842615   0   3.180963757568558   
1.73790314077   0.5   0   0.026634382566585957   0   3.431566894753929   
0.750949678264   0.4   0   0.026634382566585957   0   3.431566894753929   
2.6957438735   0.6   0   0.07990314769975787   0   3.7499448500478754   
1.12594942937   0.5   0   0.03389830508474576   0   3.918626260495544   
0.382603603605   0.3   0   0.01937046004842615   0   4.249345174378618   
0.725874378607   0.3   0   0.024213075060532687   0   4.249345174378618   
1.07213814202   0.3   0   0.043583535108958835   0   4.249345174378618   
0.865392140008   0.4   0   0.026634382566585957   0   4.5313832117875   
0.999278647913   0.5   0   0.03389830508474576   0   4.5313832117875   
0.18397378015   0.1   0   0.014527845036319613   0   4.5313832117875   
0.290180474883   0.1   0   0.014527845036319613   0   4.913264519700488   
0.291850307507   0.2   0   0.012106537530266344   0   5.749924546234563   
0.826130497934   0.3   0   0.024213075060532687   0   6.045728535389545   
0.496921524921   0.2   0   0.024213075060532687   0   6.637336513699506   
1.21347773486   0.5   0   0.03631961259079903   0   6.637336513699506   
0.357224294439   0.2   0   0.012106537530266344   0   6.637336513699506   
0.145563924117   0.0   0   0.007263922518159807   0   6.637336513699506   
1.20528467859   0.5   0   0.03631961259079903   0   6.87885945946933   
0.401075056797   0.2   0   0.01937046004842615   0   6.87885945946933   
1.51458641128   0.6   0   0.053268765133171914   0   7.069800113425823   
0.320015546498   0.2   0   0.014527845036319613   0   7.833562729251796   
0.506277610286   0.3   0   0.01694915254237288   0   8.38555376893886   
0.207090636795   0.1   0   0.012106537530266344   0   8.779959087812168   
0.468793417424   0.3   0   0.026634382566585957   0   8.779959087812168   
0.557968695941   0.3   0   0.031476997578692496   0   9.51375847351751   
0.117024004966   0.1   0   0.007263922518159807   0   9.51375847351751   
0.0559021406543   0.0   0   0.007263922518159807   0   9.51375847351751   
1.80736534343   0.6   0   0.05084745762711865   0   10.395675577205708   
0.0509933479479   0.0   0   0.007263922518159807   0   10.395675577205708   
0.603060908241   0.3   1   0.026634382566585957   0   0   
