1.63250901505   0.3   1   0.07032967032967033   4   1.0   
0.889555288115   0.2   0   0.03076923076923077   0   1.5270462766947297   
1.35151427029   0.3   0   0.05274725274725275   4   1.9918456512790577   
0.465074662803   0.3   0   0.017582417582417582   2   2.475968569554985   
0.721163206937   0.3   0   0.03076923076923077   2   2.8419310969106846   
0.638272625095   0.4   0   0.026373626373626374   2   3.237215804431732   
0.467768076754   0.2   0   0.017582417582417582   0   3.721338722707659   
0.756421611893   0.2   0   0.03736263736263736   1   4.385549886862731   
0.782271322735   0.4   0   0.024175824175824177   2   3.655582333574433   
0.75137847009   0.2   0   0.03296703296703297   0   3.8696695432188513   
0.441475770238   0.2   0   0.017582417582417582   0   4.162820528207816   
0.390132448764   0.0   0   0.02197802197802198   0   4.162820528207816   
0.454492145015   0.2   0   0.02197802197802198   0   4.425022740250354   
1.40076723539   0.4   1   0.05714285714285714   2   0   
