2.18197199253   0.8   1   0.16923076923076924   6   1.0   
0.242409869755   0.3   0   0.024175824175824177   0   1.289774853375608   
1.17823048737   0.6   0   0.04395604395604396   0   1.289774853375608   
0.13565292342   0.1   0   0.01098901098901099   0   1.289774853375608   
0.11410354513   0.1   0   0.006593406593406593   0   1.289774853375608   
0.169345976065   0.2   0   0.01978021978021978   0   1.289774853375608   
0.371830367622   0.4   0   0.015384615384615385   0   1.289774853375608   
0.750070289444   0.2   0   0.04395604395604396   4   1.289774853375608   
0.440019218467   0.4   0   0.01978021978021978   0   1.289774853375608   
0.588687779266   0.4   0   0.024175824175824177   0   1.289774853375608   
0.196284174592   0.1   0   0.03076923076923077   0   1.289774853375608   
0.66878414496   0.6   0   0.03736263736263736   0   1.289774853375608   
0.477792462163   0.3   0   0.024175824175824177   1   1.289774853375608   
0.0239761646602   0.0   0   0.006593406593406593   0   1.289774853375608   
0.392399210997   0.2   0   0.03296703296703297   0   1.289774853375608   
0.166458949253   0.2   0   0.03956043956043956   0   1.289774853375608   
0.269519750335   0.1   0   0.03956043956043956   1   1.289774853375608   
0.441873674526   0.3   0   0.02857142857142857   0   1.289774853375608   
0.139732124662   0.1   0   0.013186813186813187   0   1.289774853375608   
0.616769952165   0.4   0   0.03296703296703297   0   1.289774853375608   
0.280345670697   0.3   0   0.015384615384615385   0   1.289774853375608   
0.31967270168   0.3   0   0.026373626373626374   0   1.289774853375608   
0.142953935534   0.1   0   0.006593406593406593   0   1.289774853375608   
0.0662121108785   0.0   0   0.01978021978021978   0   1.289774853375608   
0.0859848431981   0.1   0   0.004395604395604396   0   1.289774853375608   
0.282425897868   0.2   0   0.017582417582417582   0   1.289774853375608   
0.0652360050028   0.1   0   0.015384615384615385   0   1.289774853375608   
0.918405544319   0.5   0   0.046153846153846156   1   1.289774853375608   
0.105039232412   0.1   0   0.026373626373626374   0   1.289774853375608   
0.45779371221   0.4   0   0.046153846153846156   0   1.289774853375608   
0.539110172496   0.4   0   0.03076923076923077   0   1.289774853375608   
1.09648587577   0.5   0   0.02857142857142857   0   1.289774853375608   
0.409494847557   0.2   0   0.02197802197802198   0   1.289774853375608   
0.623111142226   0.4   0   0.03736263736263736   0   1.289774853375608   
0.490817542944   0.3   0   0.02197802197802198   0   1.289774853375608   
0.25905125316   0.2   0   0.015384615384615385   0   1.289774853375608   
0.359484168392   0.3   0   0.017582417582417582   0   1.289774853375608   
0.423365533283   0.3   0   0.02197802197802198   0   1.289774853375608   
0.927343786068   0.5   0   0.03296703296703297   0   1.289774853375608   
0.621604644883   0.6   0   0.03736263736263736   0   1.289774853375608   
0.332247358741   0.3   0   0.01098901098901099   0   1.289774853375608   
0.219677132986   0.3   0   0.01978021978021978   1   1.289774853375608   
0.138096790634   0.0   0   0.05054945054945055   3   1.289774853375608   
0.189178047141   0.1   0   0.03956043956043956   1   1.289774853375608   
0.217697523244   0.1   0   0.026373626373626374   0   1.289774853375608   
0.205073696685   0.1   0   0.024175824175824177   1   1.289774853375608   
0.175078740777   0.0   0   0.041758241758241756   1   1.289774853375608   
0.152909430472   0.1   0   0.026373626373626374   0   1.289774853375608   
0.0593964304834   0.0   0   0.017582417582417582   0   1.289774853375608   
0.0604687294697   0.0   0   0.017582417582417582   0   1.289774853375608   
0.348476325332   0.3   0   0.015384615384615385   0   1.289774853375608   
0.782590212258   0.3   0   0.05054945054945055   0   1.289774853375608   
0.415062410465   0.3   0   0.046153846153846156   0   1.289774853375608   
0.122530366705   0.1   0   0.006593406593406593   0   1.289774853375608   
0.731733127328   0.5   0   0.05054945054945055   0   1.289774853375608   
0.196462796536   0.3   0   0.015384615384615385   0   1.289774853375608   
0.195767390014   0.2   0   0.017582417582417582   2   1.289774853375608   
0.131824341555   0.2   0   0.041758241758241756   6   1.289774853375608   
0.151310551603   0.1   0   0.008791208791208791   0   1.289774853375608   
0.0218399099161   0.0   0   0.004395604395604396   0   1.289774853375608   
0.485187771003   0.1   0   0.0989010989010989   8   1.289774853375608   
0.183873145644   0.2   0   0.026373626373626374   0   1.289774853375608   
0.283453790914   0.2   0   0.03736263736263736   1   1.289774853375608   
0.0907424292875   0.1   0   0.01978021978021978   0   1.289774853375608   
0.517042179158   0.4   0   0.02857142857142857   0   1.289774853375608   
0.140594461968   0.0   0   0.04395604395604396   1   1.289774853375608   
0.0867655544925   0.0   0   0.02197802197802198   0   1.289774853375608   
0.0602334083749   0.0   0   0.01978021978021978   0   1.289774853375608   
0.210242141768   0.1   0   0.035164835164835165   0   1.289774853375608   
0.156750754025   0.0   0   0.03736263736263736   0   1.289774853375608   
0.0238943727323   0.0   0   0.01098901098901099   0   1.289774853375608   
0.378067268936   0.3   0   0.041758241758241756   0   1.289774853375608   
0.290828985554   0.2   0   0.01978021978021978   0   1.289774853375608   
0.148177927598   0.1   0   0.01098901098901099   0   1.289774853375608   
0.188328531231   0.1   0   0.02197802197802198   0   1.289774853375608   
0.181988998328   0.2   0   0.015384615384615385   1   1.289774853375608   
0.102862061355   0.1   0   0.03296703296703297   1   1.289774853375608   
0.0473203169816   0.0   0   0.015384615384615385   0   1.289774853375608   
0.00890356480887   0.0   0   0.004395604395604396   0   1.289774853375608   
0.708010823705   0.7   0   0.041758241758241756   0   1.289774853375608   
0.705465085559   0.5   0   0.05714285714285714   0   1.289774853375608   
0.206657364154   0.1   0   0.02197802197802198   1   1.289774853375608   
0.463024285215   0.3   0   0.03956043956043956   0   1.289774853375608   
0.0616528376909   0.0   0   0.01978021978021978   0   1.289774853375608   
0.038543547328   0.0   0   0.01098901098901099   0   1.289774853375608   
1.17836935236   0.4   0   0.04395604395604396   0   1.289774853375608   
0.588522125166   0.5   0   0.046153846153846156   0   1.289774853375608   
0.0209661148448   0.0   0   0.006593406593406593   0   1.289774853375608   
0.0182681043829   0.0   0   0.006593406593406593   0   1.289774853375608   
0.623903891612   0.4   0   0.03736263736263736   1   1.289774853375608   
0.741827130291   0.3   0   0.03076923076923077   0   1.289774853375608   
0.0392195891102   0.0   0   0.013186813186813187   0   1.289774853375608   
0.522134466921   0.4   0   0.03076923076923077   0   1.289774853375608   
0.948723005139   0.4   0   0.03736263736263736   0   1.289774853375608   
0.587328639056   0.4   0   0.03736263736263736   0   1.289774853375608   
0.843088145561   0.4   0   0.05054945054945055   0   1.289774853375608   
0.216338274674   0.2   0   0.03296703296703297   0   1.289774853375608   
0.793450712502   0.3   0   0.03956043956043956   0   1.289774853375608   
0.586688171626   0.4   0   0.03956043956043956   0   1.289774853375608   
0.366346757991   0.2   0   0.02197802197802198   0   1.289774853375608   
0.678991875198   0.2   0   0.026373626373626374   0   1.289774853375608   
0.275971608508   0.2   0   0.041758241758241756   0   1.289774853375608   
0.6858851686   0.4   0   0.05714285714285714   1   1.289774853375608   
0.0285948370988   0.0   0   0.006593406593406593   1   1.289774853375608   
0.488976433697   0.3   0   0.041758241758241756   0   1.289774853375608   
0.0247088151778   0.0   0   0.004395604395604396   1   1.289774853375608   
0.362669740834   0.2   0   0.02197802197802198   0   1.289774853375608   
0.638027605518   0.6   0   0.05934065934065934   1   1.289774853375608   
0.381466260312   0.3   0   0.02857142857142857   0   1.289774853375608   
0.0983882416924   0.1   0   0.01098901098901099   0   1.289774853375608   
0.0888376227621   0.1   0   0.02197802197802198   0   1.289774853375608   
0.441106275648   0.2   0   0.03956043956043956   1   1.289774853375608   
0.0183768863516   0.0   0   0.006593406593406593   0   1.289774853375608   
0.282304105857   0.2   0   0.02197802197802198   0   1.289774853375608   
0.0243118175861   0.0   0   0.006593406593406593   0   1.289774853375608   
0.0563622075028   0.0   0   0.015384615384615385   1   1.289774853375608   
0.2568403027   0.2   0   0.024175824175824177   0   1.289774853375608   
0.366766327869   0.4   0   0.041758241758241756   0   1.289774853375608   
0.45097009308   0.4   0   0.041758241758241756   0   1.289774853375608   
0.128730259087   0.1   0   0.008791208791208791   0   1.289774853375608   
0.139856287228   0.1   0   0.01098901098901099   0   1.289774853375608   
0.484816614279   0.4   0   0.02857142857142857   0   1.289774853375608   
0.121847898677   0.1   0   0.006593406593406593   0   1.289774853375608   
0.0438519151383   0.0   0   0.01098901098901099   0   1.289774853375608   
0.408773972227   0.3   0   0.01978021978021978   0   1.289774853375608   
0.0346814188403   0.1   0   0.006593406593406593   0   1.289774853375608   
0.17284256993   0.1   0   0.024175824175824177   0   1.289774853375608   
0.0241876006562   0.0   1   0.004395604395604396   0   0   
