0.90622443767   0.2   1   0.06779661016949153   4   0   
0.239224548546   0.1   0   0.031476997578692496   0   0   
0.234112648197   0.1   0   0.0387409200968523   0   1.0   
0.422153624116   0.1   0   0.053268765133171914   0   1.0   
0.279244109124   0.1   0   0.0387409200968523   1   1.0   
0.0239664334729   0.0   0   0.004842615012106538   0   1.0   
0.411417209383   0.3   0   0.03389830508474576   1   1.9354143466934854   
0.360695198054   0.2   0   0.029055690072639227   1   1.9354143466934854   
0.134767374353   0.0   0   0.01937046004842615   0   1.9354143466934854   
0.048616042141   0.0   0   0.004842615012106538   0   1.9354143466934854   
0.417344735629   0.1   0   0.031476997578692496   1   1.9354143466934854   
0.0756771619199   0.0   0   0.012106537530266344   1   1.9354143466934854   
0.351858851324   0.2   0   0.029055690072639227   0   1.9354143466934854   
0.0315832722062   0.1   0   0.002421307506053269   0   1.5172612419124243   
0.0482562082343   0.1   0   0.004842615012106538   0   1.5172612419124243   
0.20526930829   0.1   0   0.024213075060532687   2   1.5172612419124243   
0.154427256237   0.0   0   0.024213075060532687   0   1.5172612419124243   
0.29652805422   0.0   0   0.0387409200968523   1   1.5172612419124243   
0.184779340687   0.1   0   0.024213075060532687   0   1.5172612419124243   
0.0797550452589   0.0   0   0.012106537530266344   0   1.5172612419124243   
0.528863165449   0.3   0   0.026634382566585957   0   1.7946113400250387   
0.475272284567   0.1   0   0.043583535108958835   0   1.7946113400250387   
0.161913332333   0.1   0   0.01694915254237288   0   1.7946113400250387   
0.660610713848   0.4   0   0.05084745762711865   5   1.9870614297549138   
0.347438650931   0.2   0   0.01937046004842615   0   1.9870614297549138   
0.166015195095   0.1   0   0.014527845036319613   0   1.9870614297549138   
0.232964213185   0.1   0   0.007263922518159807   0   2.5644116989445394   
0.293008174393   0.2   0   0.03389830508474576   0   2.5644116989445394   
0.401499591808   0.1   0   0.031476997578692496   0   2.5644116989445394   
0.257890868803   0.2   0   0.03631961259079903   0   2.822610588691701   
0.399458881123   0.3   0   0.031476997578692496   0   2.822610588691701   
0.321258210496   0.1   0   0.0387409200968523   0   3.072610588691701   
0.471822862892   0.1   0   0.07990314769975787   2   3.072610588691701   
0.339250801442   0.1   0   0.024213075060532687   0   3.072610588691701   
0.296886084307   0.1   0   0.0387409200968523   2   3.322610588691701   
0.0220968245949   0.0   0   0.004842615012106538   0   3.322610588691701   
0.179725037457   0.0   0   0.021791767554479417   0   3.322610588691701   
0.298815429977   0.2   0   0.01937046004842615   0   3.322610588691701   
0.0502932863559   0.0   0   0.007263922518159807   0   3.322610588691701   
0.206440617064   0.1   0   0.026634382566585957   0   3.322610588691701   
0.305263734083   0.1   0   0.048426150121065374   0   3.322610588691701   
0.390675310746   0.2   0   0.026634382566585957   0   3.322610588691701   
0.138506964883   0.2   1   0.014527845036319613   0   0   
