1.86796146723   0.5   1   0.1089588377723971   4   1.0   
1.61458676002   0.5   0   0.06779661016949153   0   1.812604508328942   
0.156080459677   0.1   0   0.012106537530266344   0   1.9803096066414263   
1.2420596756   0.4   0   0.1162227602905569   0   2.315719803266395   
0.287675987238   0.2   0   0.04116222760290557   0   2.40667066265502   
0.201166129987   0.2   0   0.03389830508474576   0   2.5068936283721786   
0.416458519122   0.4   0   0.0387409200968523   0   3.037223714262089   
0.0354777187437   0.0   0   0.009685230024213076   0   3.037223714262089   
1.99061403823   0.6   0   0.07263922518159806   0   3.686221723887187   
1.96781190196   0.5   0   0.06295399515738499   0   4.525268802423308   
0.0523497464693   0.0   0   0.014527845036319613   0   4.660669442500574   
1.29577670699   0.4   0   0.029055690072639227   0   5.655656879607194   
1.10423999124   0.6   0   0.06053268765133172   0   6.394714994068922   
0.667353599361   0.4   0   0.021791767554479417   0   6.947485792461488   
0.623603801127   0.4   0   0.012106537530266344   0   7.6891056411710546   
0.642300207367   0.3   0   0.021791767554479417   0   8.24187643956362   
0.0319749261591   0.0   0   0.004842615012106538   0   8.24187643956362   
0.826845809411   0.6   0   0.053268765133171914   0   8.736851186394205   
1.21522628084   0.4   0   0.0387409200968523   0   9.626795004845684   
0.279988100153   0.2   0   0.024213075060532687   0   9.818280426396953   
0.196428432238   0.2   0   0.024213075060532687   0   9.923161311213967   
0.165278748077   0.1   0   0.029055690072639227   0   10.0189040219896   
0.0780585690933   0.1   0   0.012106537530266344   0   10.0189040219896   
0.695950879168   0.3   0   0.03389830508474576   0   10.46210665220356   
2.20040812334   0.6   0   0.06779661016949153   0   10.30194741827736   
0.751742806916   0.4   0   0.024213075060532687   0   11.047951264869608   
0.674076365147   0.3   0   0.029055690072639227   0   11.643830836400733   
0.655488300196   0.3   0   0.04116222760290557   0   11.929910252341594   
0.0500480611205   0.0   0   0.014527845036319613   0   11.929910252341594   
2.49171632339   0.5   0   0.07021791767554479   0   12.928066252985394   
0.882071891228   0.5   0   0.026634382566585957   0   13.728263857039291   
0.884716008595   0.6   0   0.026634382566585957   0   14.528461461093187   
2.46002674085   0.5   0   0.08958837772397095   0   15.321337798658773   
1.1560278609   0.6   0   0.0774818401937046   0   15.763663667123463   
0.257091579433   0.1   0   0.024213075060532687   0   16.229916071243622   
0.0516931904188   0.0   0   0.012106537530266344   0   16.229916071243622   
0.916402690652   0.4   0   0.05084745762711865   0   16.967766625525236   
0.226384763168   0.1   0   0.0387409200968523   0   17.188929559757582   
0.27464676815   0.2   0   0.01937046004842615   0   17.60595838787173   
2.04809493087   0.4   0   0.07506053268765134   0   18.57304974885222   
1.5210744575   0.4   0   0.08958837772397095   1   19.16948182821788   
0.644355124828   0.4   0   0.021791767554479417   0   19.857544290274063   
0.227893162102   0.2   0   0.04116222760290557   0   19.857544290274063   
0.631011346405   0.3   0   0.021791767554479417   0   20.349017477457053   
0.732766067354   0.4   0   0.04116222760290557   0   20.921176309338776   
1.86530081441   0.4   0   0.08716707021791767   0   21.505016668698584   
0.289400327268   0.1   0   0.04116222760290557   0   21.566504214888717   
0.233764806303   0.1   0   0.05811138014527845   0   21.566504214888717   
0.875045413038   0.6   0   0.043583535108958835   0   22.12254265237425   
0.18326844895   0.1   0   0.026634382566585957   0   22.204328734385204   
0.268840872802   0.2   0   0.048426150121065374   1   22.40214287640394   
0.619428225463   0.2   0   0.03389830508474576   0   22.717387038899577   
0.171635108708   0.0   0   0.043583535108958835   0   22.717387038899577   
0.612619567153   0.3   0   0.01694915254237288   0   23.274665251474932   
0.684609351508   0.4   0   0.026634382566585957   0   23.897041165739076   
0.677715344557   0.3   0   0.031476997578692496   0   24.30597157579384   
0.713765334768   0.2   0   0.043583535108958835   0   24.792505208593678   
1.42422107107   0.4   0   0.053268765133171914   0   25.684150348714244   
0.783157805688   0.5   0   0.0387409200968523   1   26.568802085643625   
0.608873015205   0.3   0   0.01937046004842615   0   27.402859741871925   
1.77002215032   0.7   1   0.06295399515738499   2   0   
