1.47786091766   0.4   1   0.10653753026634383   3   1.0   
0.809264247241   0.4   0   0.03631961259079903   0   1.555492059863531   
1.07383443776   0.6   0   0.06295399515738499   3   2.287417114574931   
0.681602512267   0.3   0   0.031476997578692496   1   3.14675496342225   
1.10560042824   0.4   0   0.07506053268765134   0   3.827340801932697   
0.986445451674   0.6   0   0.048426150121065374   0   4.224241983990087   
0.613835894425   0.2   0   0.026634382566585957   0   4.982653536336406   
2.8691862096   0.7   0   0.13317191283292978   2   5.932066911085551   
0.793835096953   0.6   0   0.0847457627118644   1   6.370144526888451   
0.797923573418   0.5   0   0.0387409200968523   2   7.190882677038125   
0.262910736481   0.2   0   0.024213075060532687   0   7.190882677038125   
0.136650197096   0.1   0   0.021791767554479417   0   7.190882677038125   
0.082481563401   0.1   0   0.012106537530266344   0   7.190882677038125   
0.739680585953   0.3   0   0.07506053268765134   0   7.27432360671496   
0.581604115953   0.4   0   0.04600484261501211   0   7.393723438422862   
0.341379259752   0.2   0   0.031476997578692496   0   7.676275010611908   
0.485346814092   0.4   0   0.04600484261501211   0   7.895138517318489   
0.157327152187   0.1   0   0.01694915254237288   0   8.101945092251748   
0.796228180613   0.5   0   0.04116222760290557   0   8.7654725597108   
0.848278662351   0.4   0   0.0387409200968523   1   9.31263132647725   
0.0769878548148   0.0   0   0.014527845036319613   0   9.31263132647725   
0.301013455354   0.2   0   0.031476997578692496   0   9.616140401768954   
1.42430388751   0.7   0   0.04600484261501211   0   10.365022868538993   
1.16188006772   0.2   0   0.03631961259079903   1   11.343013276041537   
0.684439579171   0.3   0   0.031476997578692496   0   11.93417965094036   
0.585667057633   0.2   0   0.01694915254237288   0   12.850868477769597   
0.890491578242   0.3   0   0.06295399515738499   1   13.527132725925103   
0.830955119586   0.3   0   0.05084745762711865   2   14.189145467165947   
1.21727122133   0.2   0   0.05084745762711865   0   15.105660606157114   
1.16846279387   0.2   0   0.03631961259079903   0   13.443355462454267   
1.33603847153   0.5   0   0.053268765133171914   0   14.127235793866356   
0.940371556623   0.6   0   0.04116222760290557   0   14.550111105763095   
0.558110688292   0.2   0   0.01937046004842615   0   15.320662856134218   
3.62410321217   0.5   0   0.13801452784503632   4   16.13939358109817   
2.88182707766   0.6   0   0.15738498789346247   4   16.74386410592516   
0.911796437432   0.6   0   0.04600484261501211   0   17.343864105925157   
1.25737461299   0.3   1   0.05084745762711865   0   0   
