2.03598388943   0.6   1   0.15824175824175823   1   0   
0.0131055914683   0.0   0   0.004395604395604396   0   0   
0.803078882757   0.3   0   0.05274725274725275   0   0   
0.521417683098   0.5   0   0.05714285714285714   0   1.0   
0.0747872546776   0.0   0   0.017582417582417582   0   1.0   
0.768989267744   0.4   0   0.04395604395604396   0   1.0   
0.754950343224   0.4   0   0.03956043956043956   0   1.8301992346604334   
0.866509430805   0.5   0   0.05714285714285714   0   1.8301992346604334   
0.524048860657   0.4   0   0.03736263736263736   0   1.8301992346604334   
0.237447224506   0.2   0   0.02197802197802198   0   1.8301992346604334   
0.185249119818   0.2   0   0.01098901098901099   0   1.8301992346604334   
0.362945782574   0.3   0   0.03076923076923077   0   1.8301992346604334   
0.0197676375163   0.0   0   0.006593406593406593   0   1.8301992346604334   
0.180442046597   0.2   0   0.024175824175824177   0   1.8301992346604334   
0.206327947459   0.2   0   0.01978021978021978   0   1.8301992346604334   
0.114995450355   0.1   0   0.02197802197802198   0   1.8301992346604334   
0.0488825349246   0.1   0   0.006593406593406593   0   1.8301992346604334   
0.0497093094991   0.0   0   0.01098901098901099   0   1.8301992346604334   
0.441290476229   0.4   0   0.03296703296703297   0   1.8301992346604334   
0.39665676229   0.2   0   0.04835164835164835   0   2.24529885199065   
0.0681907070251   0.0   0   0.013186813186813187   0   2.24529885199065   
0.0845542224505   0.1   0   0.006593406593406593   0   2.24529885199065   
0.0299233284892   0.0   0   0.008791208791208791   0   2.24529885199065   
0.274367642347   0.2   0   0.03736263736263736   0   2.24529885199065   
0.124797593759   0.0   0   0.026373626373626374   0   2.24529885199065   
0.321959719844   0.2   0   0.02857142857142857   0   2.24529885199065   
0.163155157346   0.0   0   0.04395604395604396   0   2.24529885199065   
0.0642537483118   0.1   0   0.01098901098901099   0   2.24529885199065   
0.0613178658878   0.0   0   0.013186813186813187   0   2.24529885199065   
0.0518495429778   0.0   0   0.015384615384615385   0   2.4033117824941566   
0.0176948904623   0.0   0   0.004395604395604396   0   3.3387261291876418   
0.153315453169   0.0   0   0.017582417582417582   0   3.3387261291876418   
0.292899951379   0.2   0   0.041758241758241756   0   3.3387261291876418   
0.302088644474   0.3   0   0.01978021978021978   0   3.559205405109691   
0.368202973648   0.3   0   0.035164835164835165   0   3.724564862051228   
0.342823619178   0.1   0   0.03736263736263736   0   3.724564862051228   
0.454610088052   0.4   0   0.024175824175824177   0   3.724564862051228   
0.406751126084   0.4   0   0.03076923076923077   0   3.724564862051228   
0.252716298333   0.2   0   0.03956043956043956   0   3.724564862051228   
0.33953099878   0.4   0   0.03076923076923077   0   3.724564862051228   
0.0688651544698   0.1   0   0.01098901098901099   0   3.724564862051228   
0.42751454493   0.5   0   0.024175824175824177   0   3.724564862051228   
0.174371270677   0.1   0   0.03076923076923077   0   3.724564862051228   
0.356593264475   0.3   0   0.026373626373626374   0   3.9155055160077215   
0.217572466521   0.1   0   0.02197802197802198   0   3.9155055160077215   
0.152773661222   0.2   0   0.024175824175824177   0   3.9155055160077215   
0.0948223323349   0.1   0   0.024175824175824177   0   3.9155055160077215   
0.0402534952528   0.0   0   0.008791208791208791   0   4.246224429890795   
0.0554818147117   0.0   0   0.015384615384615385   0   4.246224429890795   
0.376180747343   0.2   0   0.03296703296703297   0   4.587789455422781   
0.171895655234   0.2   0   0.02197802197802198   0   4.587789455422781   
0.19291027596   0.1   0   0.01098901098901099   0   4.587789455422781   
0.27984268416   0.2   0   0.026373626373626374   0   4.587789455422781   
0.32249753313   0.3   0   0.024175824175824177   0   4.787220464227148   
0.0956789585523   0.1   0   0.015384615384615385   0   4.787220464227148   
0.0783500196427   0.1   0   0.015384615384615385   0   5.287220464227149   
0.238244062301   0.2   0   0.035164835164835165   0   5.82728218909447   
0.231481261083   0.2   0   0.01098901098901099   0   6.1230861782494515   
0.136367042464   0.2   0   0.013186813186813187   0   6.1230861782494515   
0.108013627206   0.0   0   0.01978021978021978   0   6.1230861782494515   
0.768899274803   0.4   0   0.07472527472527472   0   6.222801682651634   
0.203035591843   0.2   0   0.017582417582417582   0   6.222801682651634   
0.273837028545   0.2   0   0.01978021978021978   0   6.222801682651634   
0.0848215135691   0.1   0   0.008791208791208791   0   6.222801682651634   
0.274396770834   0.2   0   0.017582417582417582   0   6.222801682651634   
0.142054237228   0.1   0   0.017582417582417582   0   6.222801682651634   
0.132649398542   0.0   0   0.03296703296703297   0   6.222801682651634   
0.288644261931   0.2   0   0.026373626373626374   0   6.222801682651634   
0.432271691237   0.2   0   0.046153846153846156   0   6.5114768172464474   
0.0388488917805   0.1   0   0.004395604395604396   0   6.97918399059319   
0.340297685724   0.2   0   0.03076923076923077   0   6.97918399059319   
0.50368639965   0.4   0   0.03296703296703297   0   7.149966503359183   
0.148884778242   0.1   0   0.008791208791208791   0   7.149966503359183   
0.373608087619   0.3   0   0.02857142857142857   0   7.149966503359183   
0.183003643064   0.1   0   0.024175824175824177   0   7.149966503359183   
0.298733866504   0.3   0   0.015384615384615385   0   7.149966503359183   
0.258909333171   0.2   0   0.017582417582417582   0   7.149966503359183   
0.0865680681635   0.1   0   0.008791208791208791   0   7.149966503359183   
0.149232838155   0.1   0   0.015384615384615385   0   7.149966503359183   
0.228274041487   0.2   0   0.008791208791208791   0   7.480685417242257   
0.175291506096   0.1   0   0.024175824175824177   0   7.480685417242257   
0.0113806451475   0.0   0   0.004395604395604396   0   7.480685417242257   
0.238909562605   0.2   0   0.01098901098901099   0   7.480685417242257   
0.0671688606438   0.1   0   0.013186813186813187   0   7.714539003915628   
0.100079228789   0.1   0   0.017582417582417582   0   7.714539003915628   
0.735289669304   0.2   0   0.05054945054945055   0   7.714539003915628   
0.322007425434   0.2   0   0.041758241758241756   0   7.714539003915628   
0.00664961003676   0.0   0   0.002197802197802198   0   7.714539003915628   
0.755172697565   0.3   0   0.08571428571428572   0   7.807158825619997   
0.370836500811   0.3   0   0.03076923076923077   0   8.16071221621327   
0.0193428337296   0.0   0   0.004395604395604396   0   8.16071221621327   
0.131792099949   0.1   0   0.006593406593406593   0   8.16071221621327   
0.11356407396   0.1   0   0.015384615384615385   0   8.16071221621327   
0.00371515810091   0.0   0   0.002197802197802198   0   8.16071221621327   
0.352265017745   0.3   0   0.026373626373626374   0   8.351652870169763   
0.104077470119   0.1   0   0.015384615384615385   0   8.351652870169763   
0.0180537710606   0.0   0   0.006593406593406593   0   8.351652870169763   
0.114670412022   0.0   0   0.02197802197802198   0   8.351652870169763   
0.0579603659573   0.0   0   0.013186813186813187   0   8.621683732603424   
0.106202875449   0.1   0   0.017582417582417582   0   8.621683732603424   
0.10762880227   0.0   0   0.03296703296703297   0   8.621683732603424   
0.29786794641   0.3   0   0.02197802197802198   0   8.621683732603424   
0.00473103511077   0.0   0   0.002197802197802198   0   8.621683732603424   
0.474248847876   0.5   0   0.02857142857142857   0   8.621683732603424   
0.0121226606999   0.0   0   0.004395604395604396   0   9.557098079296908   
0.00563850379896   0.0   0   0.002197802197802198   0   9.557098079296908   
0.0334013856586   0.0   0   0.006593406593406593   0   9.557098079296908   
0.0875642234868   0.1   0   0.008791208791208791   0   9.557098079296908   
0.147034688206   0.2   0   0.015384615384615385   0   9.557098079296908   
0.0117378077434   0.0   0   0.004395604395604396   0   9.557098079296908   
0.138480147174   0.1   0   0.006593406593406593   0   9.557098079296908   
0.127491141956   0.1   0   0.02197802197802198   0   9.975428092563947   
0.0262839286492   0.1   0   0.006593406593406593   0   9.975428092563947   
0.0393310124056   0.0   0   0.013186813186813187   0   9.975428092563947   
0.0268936240095   0.0   0   0.008791208791208791   0   9.975428092563947   
0.157184040059   0.2   0   0.008791208791208791   0   10.636865920330093   
0.167592027621   0.2   0   0.03076923076923077   0   10.80222537727163   
0.117378077434   0.1   0   0.002197802197802198   0   10.80222537727163   
0.0256926275183   0.0   0   0.006593406593406593   0   10.80222537727163   
0.0281735501123   0.0   0   0.006593406593406593   0   10.80222537727163   
0.01546373604   0.0   0   0.002197802197802198   0   10.80222537727163   
0.0120047853107   0.0   0   0.004395604395604396   0   10.80222537727163   
0.0434755624375   0.0   0   0.01098901098901099   0   10.80222537727163   
0.0220105142036   0.1   0   0.004395604395604396   0   10.80222537727163   
0.458977177768   0.4   0   0.035164835164835165   0   10.80222537727163   
0.271820086109   0.2   0   0.026373626373626374   0   10.80222537727163   
0.40709021553   0.2   0   0.04395604395604396   0   10.80222537727163   
0.127367032217   0.1   0   0.015384615384615385   0   10.80222537727163   
0.0424083424453   0.0   0   0.006593406593406593   0   10.80222537727163   
0.1566212718   0.1   0   0.017582417582417582   0   10.80222537727163   
0.333455682553   0.3   0   0.024175824175824177   0   10.80222537727163   
0.116935331156   0.1   0   0.017582417582417582   0   10.80222537727163   
0.00586890387169   0.0   0   0.002197802197802198   0   10.80222537727163   
0.690677014214   0.4   0   0.06373626373626373   1   10.91402877614662   
0.139425760915   0.1   0   0.008791208791208791   0   10.91402877614662   
0.322987568877   0.5   0   0.03736263736263736   2   10.91402877614662   
0.0216591062036   0.0   0   0.004395604395604396   0   10.91402877614662   
0.125718211411   0.0   0   0.035164835164835165   1   11.225833558377781   
0.0342428436731   0.0   0   0.008791208791208791   0   11.225833558377781   
0.0898911815632   0.0   0   0.026373626373626374   0   11.225833558377781   
0.00522606151494   0.0   0   0.002197802197802198   0   11.225833558377781   
0.0405115714656   0.0   0   0.01098901098901099   0   11.225833558377781   
0.0547052174901   0.0   0   0.02197802197802198   0   11.225833558377781   
0.0575342235678   0.0   0   0.01978021978021978   0   11.225833558377781   
0.195418298286   0.2   0   0.03296703296703297   0   11.225833558377781   
0.201135744144   0.1   0   0.046153846153846156   0   11.88727138614393   
0.0645177767273   0.0   0   0.008791208791208791   1   12.217990300027003   
0.522036680021   0.2   0   0.03296703296703297   0   12.355909621118846   
0.360681228869   0.4   0   0.03076923076923077   0   12.886239707008755   
0.206638170129   0.0   0   0.03956043956043956   1   13.198044489239917   
0.423411129923   0.4   0   0.03296703296703297   0   13.198044489239917   
0.117378077434   0.1   0   0.002197802197802198   0   13.198044489239917   
0.019823248294   0.0   0   0.004395604395604396   0   13.198044489239917   
0.309674711857   0.3   0   0.017582417582417582   0   13.198044489239917   
0.128707354801   0.1   0   0.015384615384615385   0   13.448044489239916   
0.0217143199928   0.0   0   0.004395604395604396   0   14.383458835933402   
0.0472287596228   0.0   0   0.015384615384615385   0   14.383458835933402   
0.188810329238   0.0   0   0.02857142857142857   1   14.704303309893273   
0.0768582417771   0.0   0   0.01978021978021978   0   15.103165327502008   
0   0.0   0   0.0   0   15.103165327502008   
0.0550568424487   0.0   0   0.017582417582417582   0   15.103165327502008   
0.216014780063   0.0   0   0.03956043956043956   1   15.259067718617588   
0.159243741209   0.0   0   0.046153846153846156   1   15.672825681893116   
0.0208724967554   0.0   0   0.004395604395604396   0   15.672825681893116   
0.063924957184   0.0   0   0.024175824175824177   0   15.672825681893116   
0.0342627126658   0.0   0   0.006593406593406593   0   15.672825681893116   
0.00633752165522   0.0   0   0.002197802197802198   0   15.672825681893116   
0.287276982101   0.1   0   0.035164835164835165   2   15.838185138834653   
0.0683968581315   0.0   0   0.017582417582417582   0   16.77359948552814   
0.0968201224575   0.1   0   0.02197802197802198   0   17.610259512062218   
0.0906576813152   0.0   0   0.015384615384615385   0   17.610259512062218   
0.386588756411   0.1   0   0.07692307692307693   3   18.11460112755342   
0.0533363306908   0.0   0   0.01098901098901099   0   18.11460112755342   
0.287914875275   0.2   0   0.02197802197802198   0   18.11460112755342   
0.103070564271   0.0   0   0.01978021978021978   0   18.11460112755342   
0.180693182718   0.0   0   0.041758241758241756   0   18.403276262148232   
0.0288311862446   0.0   0   0.006593406593406593   0   18.403276262148232   
0.099967637886   0.0   0   0.026373626373626374   0   18.403276262148232   
0.188611017998   0.1   0   0.006593406593406593   0   19.167038877974207   
0.342259297222   0.3   0   0.024175824175824177   0   19.167038877974207   
0.276979653263   0.2   0   0.03076923076923077   0   19.167038877974207   
0.120497899445   0.0   0   0.02857142857142857   0   19.679386416272187   
0.130381130787   0.1   0   0.004395604395604396   0   19.679386416272187   
0.217535180387   0.2   0   0.03296703296703297   0   19.839808653252124   
0.122676615156   0.2   0   0.017582417582417582   0   19.839808653252124   
0.0571733208394   0.0   0   0.015384615384615385   0   19.839808653252124   
0.111350178827   0.1   0   0.017582417582417582   0   20.073662239925493   
0.0736100177841   0.0   0   0.017582417582417582   0   20.073662239925493   
0.806596711526   0.5   0   0.06373626373626373   0   20.726100494226753   
0.211726329296   0.0   1   0.05714285714285714   2   0   
