0.536887452577   0.4   1   0.03076923076923077   0   1.0   
0.0892208435518   0.0   0   0.015384615384615385   0   1.0   
0.192396762839   0.0   0   0.03296703296703297   3   1.0   
0.260422793865   0.1   0   0.03076923076923077   0   1.0   
0.907058748862   0.6   0   0.06593406593406594   3   1.9759000729485334   
0.600904140179   0.3   0   0.041758241758241756   0   2.6531566074618014   
0.198389755187   0.1   0   0.015384615384615385   0   2.6531566074618014   
0.496657985111   0.4   0   0.026373626373626374   0   3.4696531883895276   
0.445125888525   0.3   0   0.035164835164835165   0   4.028561594483788   
0.394285981144   0.3   0   0.035164835164835165   0   4.028561594483788   
0.0734352534712   0.1   0   0.006593406593406593   0   4.028561594483788   
1.12026133498   0.8   0   0.06593406593406594   0   4.485891154863811   
0.514815815434   0.2   0   0.046153846153846156   1   4.485891154863811   
0.473622225867   0.2   0   0.03736263736263736   1   4.485891154863811   
0.442276363006   0.5   0   0.026373626373626374   0   5.2556915137833125   
0.661191569574   0.3   0   0.046153846153846156   1   5.0964061288515765   
0.20315748634   0.1   0   0.024175824175824177   1   5.0964061288515765   
0.370492966336   0.4   0   0.026373626373626374   0   5.0964061288515765   
0.28383142248   0.1   0   0.035164835164835165   0   5.3562137499869085   
0.214050147435   0.0   0   0.02197802197802198   0   5.3562137499869085   
0.649826475142   0.2   0   0.041758241758241756   2   6.222991892204447   
0.601562644577   0.2   0   0.046153846153846156   1   6.222991892204447   
0.711181508959   0.5   0   0.05054945054945055   1   6.222991892204447   
0.53984837614   0.4   0   0.035164835164835165   0   6.957838815039401   
0.159336985066   0.0   0   0.02197802197802198   0   6.957838815039401   
0.351512631814   0.3   0   0.02197802197802198   0   6.957838815039401   
0.0523892959773   0.0   0   0.008791208791208791   0   6.957838815039401   
0.297527492567   0.3   0   0.01978021978021978   0   6.957838815039401   
0.276627687635   0.0   0   0.026373626373626374   0   6.957838815039401   
0.0383485954752   0.1   0   0.006593406593406593   0   6.957838815039401   
0.320107746349   0.2   0   0.024175824175824177   0   7.584518376479914   
0.593280446167   0.3   0   0.04395604395604396   0   7.584518376479914   
0.381519494372   0.3   0   0.01978021978021978   0   7.584518376479914   
0.212711854913   0.2   0   0.017582417582417582   0   7.584518376479914   
0.0248902081885   0.0   0   0.004395604395604396   0   7.584518376479914   
0.435756859266   0.5   0   0.02197802197802198   0   7.584518376479914   
0.257836623987   0.1   0   0.026373626373626374   1   7.584518376479914   
0.282378732137   0.1   0   0.03076923076923077   0   7.862264406411679   
0.268098841091   0.2   0   0.017582417582417582   0   8.229687867829156   
0.435589049185   0.2   0   0.041758241758241756   0   8.468103692100865   
0.0349334730155   0.1   0   0.006593406593406593   0   8.468103692100865   
0.471375366153   0.6   0   0.02197802197802198   0   9.454004295610163   
0.166313505517   0.0   0   0.02197802197802198   0   9.454004295610163   
0.299594990429   0.2   1   0.02197802197802198   0   0   
