0.275349804648   0.2   1   0.02857142857142857   0   1.0   
0.526455844675   0.2   0   0.05934065934065934   2   1.0   
0.133152933059   0.0   0   0.015384615384615385   1   1.0   
0.400710872924   0.2   0   0.035164835164835165   0   1.0   
0.311224657064   0.2   0   0.03736263736263736   0   1.437237316097603   
0.175313622225   0.0   0   0.024175824175824177   0   1.437237316097603   
0.185672069572   0.1   0   0.02197802197802198   0   1.437237316097603   
0.0663025536373   0.0   0   0.008791208791208791   0   1.437237316097603   
0.202678624491   0.0   0   0.026373626373626374   0   1.437237316097603   
0.547392367028   0.4   0   0.04395604395604396   1   2.2059434308834103   
0.610597821983   0.6   0   0.05054945054945055   0   2.9577528424395227   
0.379981129   0.2   0   0.041758241758241756   0   2.9577528424395227   
0.0656429727801   0.0   0   0.008791208791208791   0   2.9577528424395227   
0.264744518063   0.2   0   0.02857142857142857   0   2.9577528424395227   
0.313892497782   0.2   0   0.041758241758241756   0   3.506158837103333   
0.12914011458   0.1   0   0.017582417582417582   0   3.506158837103333   
0.161088883937   0.2   0   0.01978021978021978   0   3.506158837103333   
0.010769461006   0.0   0   0.002197802197802198   0   3.506158837103333   
0.688566056437   0.0   0   0.08791208791208792   4   3.506158837103333   
0.410748780673   0.0   0   0.06153846153846154   2   3.506158837103333   
0.082390438842   0.0   0   0.013186813186813187   0   3.506158837103333   
0.223457437607   0.1   0   0.01978021978021978   0   3.506158837103333   
0.664426349435   0.3   0   0.06153846153846154   0   3.785045512614692   
0.191818573342   0.0   0   0.02857142857142857   0   3.785045512614692   
0.19657876247   0.1   0   0.015384615384615385   0   3.785045512614692   
0.36031126521   0.1   0   0.03736263736263736   0   3.785045512614692   
0.538975595574   0.4   0   0.046153846153846156   0   3.785045512614692   
0.463715801799   0.4   0   0.04835164835164835   0   4.096850294845853   
0.21918940436   0.1   0   0.035164835164835165   0   4.096850294845853   
0.1596364226   0.2   0   0.01978021978021978   0   4.096850294845853   
0.10784709148   0.0   0   0.015384615384615385   0   4.096850294845853   
0.238156151405   0.2   0   0.017582417582417582   0   4.792946348727395   
0.183651359544   0.1   0   0.01978021978021978   0   4.792946348727395   
0.168246467611   0.0   0   0.02197802197802198   0   4.792946348727395   
0.274826935144   0.2   0   0.026373626373626374   0   5.609442929655121   
0.404484054202   0.3   0   0.04835164835164835   0   5.9109542742328856   
0.0774684636561   0.0   0   0.013186813186813187   0   5.9109542742328856   
0.28114969236   0.1   0   0.02857142857142857   0   6.303186544509253   
0.408341999044   0.2   0   0.04395604395604396   0   6.604697889087016   
0.0835899423732   0.0   0   0.01098901098901099   0   6.604697889087016   
0.144397642677   0.0   0   0.01978021978021978   0   6.604697889087016   
0.145123345768   0.1   0   0.024175824175824177   0   7.457500754509459   
0.482987826388   0.3   0   0.041758241758241756   0   7.781943596770983   
0.168395226013   0.3   1   0.015384615384615385   0   0   
