1.1139869103   0.7   1   0.046153846153846156   0   1.0   
3.83038257735   0.9   0   0.13626373626373625   2   1.4577377082170635   
0.749758879919   0.5   0   0.026373626373626374   0   1.4577377082170635   
0.653478849374   0.4   0   0.026373626373626374   0   1.4577377082170635   
1.72077070184   0.7   0   0.06813186813186813   2   2.147430158281348   
0.592899964866   0.3   0   0.017582417582417582   0   2.147430158281348   
0.821828534529   0.4   0   0.02857142857142857   1   2.8455864382889513   
1.39232361968   0.5   0   0.07472527472527472   0   3.1547599094893726   
0.980320368084   0.4   0   0.04395604395604396   0   3.960985684319228   
0.88621666674   0.5   0   0.03296703296703297   0   4.426460352444859   
0.919202418127   0.4   0   0.035164835164835165   0   4.877154261877857   
1.43659128835   0.3   0   0.07032967032967033   1   5.177616868166523   
0.284148903942   0.1   0   0.015384615384615385   0   5.85900201203577   
1.78364889271   0.6   0   0.05934065934065934   3   6.468451412255813   
0.365933813974   0.2   0   0.01978021978021978   0   7.069376624833145   
0.548070884578   0.4   1   0.03076923076923077   2   0   
