0.682667881956   0.5   1   0.04395604395604396   0   1.0   
1.54166062774   0.5   0   0.0945054945054945   3   1.7826237921249266   
0.343960424616   0.4   0   0.01978021978021978   0   2.5279632503927942   
0.605825188112   0.4   0   0.035164835164835165   0   3.2779632503927942   
0.656337412025   0.4   0   0.02857142857142857   0   3.2779632503927942   
0.565459544708   0.4   0   0.03076923076923077   1   4.079746976130067   
0.874650062588   0.5   0   0.054945054945054944   2   4.533164522341385   
0.449883075905   0.1   0   0.026373626373626374   0   4.533164522341385   
0.366856313253   0.2   0   0.01978021978021978   1   4.966177224233603   
0.60641865896   0.1   0   0.05714285714285714   0   4.966177224233603   
0.66332193368   0.3   0   0.046153846153846156   0   5.816597288504365   
1.1250767035   0.6   0   0.06813186813186813   6   6.4252242919048825   
0.536452747155   0.2   0   0.04395604395604396   0   7.006171793835994   
0.218994327716   0.1   0   0.01978021978021978   0   7.439184495728214   
0.394724367421   0.1   0   0.02857142857142857   0   8.069310533540818   
0.29754864021   0.2   0   0.017582417582417582   0   8.98786918708451   
0.684718442003   0.3   0   0.041758241758241756   0   9.55481589659835   
0.464318734702   0.2   0   0.03296703296703297   0   9.55481589659835   
1.17243675391   0.2   0   0.07912087912087912   6   9.94649062249867   
0.372617444327   0.3   0   0.03076923076923077   0   10.293673159913377   
0.596368713261   0.4   1   0.046153846153846156   2   0   
