1.37363659522   0.7   1   0.054945054945054944   0   1.0   
0.742271285498   0.3   0   0.035164835164835165   2   1.0   
1.08065052602   0.4   0   0.05054945054945055   1   1.695048046856916   
0.582316410977   0.2   0   0.026373626373626374   0   2.657298495506292   
1.29194792772   0.5   0   0.05714285714285714   2   3.3110189459669055   
0.650031429776   0.4   0   0.026373626373626374   0   3.2939412156951327   
0.267407278657   0.1   0   0.015384615384615385   0   3.2939412156951327   
0.795865809169   0.6   0   0.026373626373626374   0   2.646970607847566   
0.611747075873   0.5   0   0.026373626373626374   0   2.9803039411808996   
1.12186813103   0.4   0   0.04835164835164835   0   3.226486923139565   
0.854388713942   0.4   1   0.041758241758241756   0   0   
