0.812679810733   0.3   1   0.03956043956043956   0   1.0   
1.01988447656   0.5   0   0.05274725274725275   1   1.2886751345948129   
0.804944715011   0.4   0   0.03736263736263736   0   2.1798079232738194   
0.332697607808   0.2   0   0.013186813186813187   1   2.6798079232738194   
0   0.0   0   0.0   0   2.6798079232738194   
0   0.0   0   0.0   0   2.6798079232738194   
0.0687103939224   0.0   0   0.004395604395604396   0   2.6798079232738194   
0.14461667465   0.0   0   0.013186813186813187   0   2.6798079232738194   
0.786156589366   0.4   0   0.03956043956043956   0   3.5458333270582583   
0.27065516097   0.1   0   0.02197802197802198   0   3.5458333270582583   
0.756605526179   0.5   0   0.03076923076923077   1   4.527813833120224   
0.253512952139   0.1   0   0.01978021978021978   0   4.527813833120224   
0.715806862214   0.3   0   0.026373626373626374   2   5.268863820466087   
0.902361165042   0.4   0   0.046153846153846156   1   6.2319506451522395   
0.938611901531   0.3   0   0.046153846153846156   0   6.987879591170693   
0.751222059634   0.3   0   0.054945054945054944   0   7.218819698846544   
0.571232535949   0.3   0   0.01978021978021978   1   7.251681244540639   
0.148308129672   0.2   0   0.01098901098901099   0   7.251681244540639   
0.231864090902   0.2   0   0.01978021978021978   0   7.251681244540639   
0.646687709183   0.3   0   0.026373626373626374   0   8.053464970277911   
0.209669620568   0.1   0   0.017582417582417582   0   8.053464970277911   
0.342178274122   0.0   0   0.03076923076923077   1   8.053464970277911   
0.777066153333   0.3   0   0.03736263736263736   0   9.023607470423244   
0.839466304378   0.2   0   0.04835164835164835   2   9.464894137946724   
1.09144669114   0.2   1   0.04835164835164835   2   0   
