0.491693463971   0.3   1   0.041758241758241756   0   0   
0.25807033859   0.3   0   0.026373626373626374   0   0   
0.156322501512   0.2   0   0.01098901098901099   0   0   
0.0304598516538   0.0   0   0.006593406593406593   0   0   
0.170280010177   0.2   0   0.013186813186813187   0   0   
0.103117089957   0.0   0   0.01978021978021978   0   0   
0.42965486745   0.3   0   0.03296703296703297   1   0   
0.448331425863   0.4   0   0.02857142857142857   1   0   
0.274261662228   0.2   0   0.013186813186813187   0   0   
0.168447930694   0.0   0   0.04395604395604396   0   0   
0.177009344788   0.1   0   0.017582417582417582   0   0   
0.292884039   0.2   0   0.017582417582417582   1   0   
0.18085697069   0.0   0   0.03956043956043956   1   1.0   
0.11129146057   0.1   0   0.013186813186813187   0   1.0   
0.0421266951507   0.0   0   0.01098901098901099   0   1.0   
0.390421180992   0.3   0   0.03736263736263736   0   1.0   
0.0717427442282   0.0   0   0.013186813186813187   1   1.0   
0.300259844066   0.3   0   0.05274725274725275   0   1.0   
0.344993255559   0.2   0   0.024175824175824177   0   1.0   
0.331987454815   0.2   0   0.04835164835164835   0   1.0   
0.440262027092   0.2   0   0.024175824175824177   0   1.0   
0.327710664155   0.2   0   0.024175824175824177   0   1.0   
0.235380107717   0.1   0   0.035164835164835165   1   1.0   
0.437452207942   0.4   0   0.024175824175824177   0   1.0   
0.322812328539   0.3   0   0.03736263736263736   0   1.0   
0.386635290932   0.4   0   0.035164835164835165   0   1.0   
0.063367187645   0.0   0   0.017582417582417582   0   1.0   
0.0367395038245   0.0   0   0.008791208791208791   0   1.0   
0.364521035736   0.3   0   0.01098901098901099   0   1.0   
0.21368952731   0.1   0   0.024175824175824177   0   1.0   
0.185050192269   0.2   0   0.03296703296703297   0   1.0   
0.203562070376   0.2   0   0.017582417582417582   0   1.0   
0.0685555818526   0.0   0   0.017582417582417582   0   1.0   
0.348051371333   0.3   0   0.02857142857142857   0   1.912870929175277   
0.383700123151   0.2   0   0.05054945054945055   5   1.912870929175277   
0.28795387373   0.1   0   0.05714285714285714   2   1.912870929175277   
0.184757157813   0.1   0   0.02197802197802198   0   1.912870929175277   
0.115010611448   0.2   0   0.02857142857142857   0   1.912870929175277   
0.228967002269   0.2   0   0.01978021978021978   0   1.912870929175277   
0.192608926613   0.1   0   0.01978021978021978   0   1.912870929175277   
0.285324831154   0.2   0   0.03736263736263736   1   1.912870929175277   
0.664777820342   0.5   0   0.07472527472527472   3   2.5411517916128203   
0.0958916318939   0.1   0   0.015384615384615385   0   2.5411517916128203   
0.0663229690129   0.0   0   0.013186813186813187   0   2.5411517916128203   
0.38922928785   0.4   0   0.03296703296703297   1   2.5411517916128203   
0.33994571388   0.0   0   0.06593406593406594   0   2.5411517916128203   
0.332558744582   0.4   0   0.02197802197802198   0   3.0748417494702327   
0.194043770953   0.0   0   0.041758241758241756   0   3.0748417494702327   
0.162363986797   0.3   0   0.01978021978021978   1   3.917051011870832   
0   0.0   0   0.0   0   3.917051011870832   
0.498616172873   0.3   0   0.035164835164835165   0   4.62415779305738   
0.22081282251   0.1   0   0.03296703296703297   0   4.62415779305738   
0.0536802528772   0.0   0   0.013186813186813187   0   4.62415779305738   
0.441913610442   0.4   0   0.02857142857142857   0   4.62415779305738   
0.0706001444393   0.0   0   0.01098901098901099   0   4.62415779305738   
0.471791009014   0.5   0   0.03076923076923077   2   4.62415779305738   
0.349676217676   0.2   0   0.026373626373626374   2   4.62415779305738   
0.418190956054   0.3   0   0.02197802197802198   0   4.62415779305738   
0.336874336447   0.3   0   0.035164835164835165   0   4.62415779305738   
0.327441132079   0.4   0   0.041758241758241756   0   4.62415779305738   
0.558335496655   0.5   0   0.041758241758241756   0   4.62415779305738   
0.20066130089   0.1   0   0.024175824175824177   0   4.62415779305738   
0.0274805576967   0.0   0   0.008791208791208791   0   4.62415779305738   
0.0541970601981   0.0   0   0.013186813186813187   0   4.62415779305738   
0.0211633898083   0.0   0   0.008791208791208791   0   4.62415779305738   
0.533849886816   0.3   0   0.024175824175824177   0   4.62415779305738   
0.07461872452   0.0   0   0.017582417582417582   0   5.359697776996658   
0.0251587971388   0.0   0   0.006593406593406593   0   5.359697776996658   
0.0331628724771   0.0   0   0.008791208791208791   0   5.359697776996658   
0.284083421818   0.2   0   0.017582417582417582   0   5.359697776996658   
0.214952291806   0.1   0   0.03296703296703297   0   5.359697776996658   
0.148726705592   0.1   0   0.024175824175824177   0   5.359697776996658   
0.481491391087   0.3   0   0.035164835164835165   0   6.026364443663325   
0.0393111917931   0.0   0   0.006593406593406593   0   6.026364443663325   
0.129964439986   0.1   0   0.02197802197802198   0   6.733471224849873   
0.446638357602   0.3   0   0.03076923076923077   0   6.733471224849873   
0.317807386271   0.2   0   0.02197802197802198   0   6.733471224849873   
0.277077131766   0.2   0   0.015384615384615385   0   6.733471224849873   
0.105438007453   0.0   0   0.017582417582417582   0   6.733471224849873   
0.0710405858817   0.0   0   0.017582417582417582   0   6.733471224849873   
0.140827105856   0.0   0   0.03076923076923077   0   6.733471224849873   
0.231992833871   0.1   0   0.03076923076923077   0   6.733471224849873   
0.117231852172   0.1   0   0.02857142857142857   0   6.733471224849873   
0.667077621836   0.6   0   0.06373626373626373   1   6.733471224849873   
0.342331524582   0.2   0   0.02857142857142857   0   6.733471224849873   
0.0834595110689   0.0   1   0.01978021978021978   0   0   
