1.36332001932   0.6   1   0.05054945054945055   0   1.0   
1.09037325868   0.8   0   0.05054945054945055   0   1.7485896562402874   
0.509495725999   0.2   0   0.02857142857142857   0   1.7485896562402874   
0.662468145497   0.4   0   0.03956043956043956   0   2.5947866680029437   
0.657870442919   0.5   0   0.017582417582417582   0   3.044273088444591   
0.253585946334   0.1   0   0.017582417582417582   0   3.044273088444591   
0.295546826404   0.1   0   0.02197802197802198   0   3.044273088444591   
0.243273158527   0.1   0   0.015384615384615385   0   3.044273088444591   
0.967242249628   0.4   0   0.046153846153846156   3   3.970093188217143   
0.218853971026   0.1   0   0.017582417582417582   0   3.970093188217143   
0.416215586713   0.3   0   0.017582417582417582   0   3.970093188217143   
0.650933892791   0.6   0   0.03076923076923077   0   4.501293085924702   
0.630620392468   0.2   0   0.04835164835164835   2   5.010468163142017   
0.985244121507   0.6   0   0.046153846153846156   0   5.826964744069743   
1.07288344739   0.5   0   0.05934065934065934   1   5.826964744069743   
0.466636602212   0.3   0   0.017582417582417582   0   6.708881847757939   
0.627785833897   0.4   0   0.02857142857142857   1   6.708881847757939   
0.144629827549   0.1   0   0.008791208791208791   0   6.708881847757939   
0.278854356885   0.3   0   0.02197802197802198   0   7.103287166631247   
0.688316460101   0.2   0   0.03736263736263736   0   7.103287166631247   
0.463862185619   0.3   1   0.026373626373626374   0   0   
