0.83815214268   0.3   1   0.03956043956043956   0   0   
0.0811036060972   0.0   0   0.008791208791208791   0   0   
0.69873052204   0.3   0   0.024175824175824177   0   0   
0.130150903319   0.0   0   0.01098901098901099   0   0   
0.637593106389   0.3   0   0.017582417582417582   0   0   
0.119142049355   0.0   0   0.01098901098901099   0   0   
0.136748419348   0.0   0   0.015384615384615385   0   0   
0.915476760432   0.4   0   0.026373626373626374   0   0   
0.595513779966   0.3   0   0.02197802197802198   0   0   
0.66415626025   0.3   0   0.035164835164835165   0   0   
1.47972006634   0.6   0   0.06373626373626373   1   0   
0.893465975257   0.4   0   0.03076923076923077   1   0   
1.2302144815   0.4   0   0.03956043956043956   3   0   
1.04020458253   0.5   0   0.046153846153846156   6   0   
0.710570434112   0.4   0   0.035164835164835165   0   0   
1.65550341023   0.6   0   0.08571428571428572   2   0   
0.974937951964   0.5   0   0.026373626373626374   1   0   
0.466222154982   0.4   0   0.017582417582417582   1   0   
0.60450589613   0.2   0   0.024175824175824177   0   0   
0.682847448779   0.4   0   0.02857142857142857   0   0   
0.607642589051   0.4   0   0.01978021978021978   0   0   
0.77002610061   0.2   0   0.041758241758241756   0   0   
0.872999754593   0.5   0   0.03076923076923077   2   0   
0.640484368748   0.3   0   0.024175824175824177   0   0   
0.647200970996   0.3   0   0.03736263736263736   0   0   
0.393850369181   0.2   0   0.017582417582417582   0   0   
0.305592180551   0.2   0   0.015384615384615385   0   0   
0.348935883176   0.0   0   0.035164835164835165   0   0   
0.181129929786   0.1   0   0.013186813186813187   0   0   
0.514343719737   0.3   0   0.013186813186813187   0   0   
0.241262171027   0.0   1   0.02197802197802198   3   0   
