1.1811340695   0.4   1   0.035164835164835165   0   1.0   
0.320668268124   0.3   0   0.017582417582417582   0   1.7071067811865475   
1.3402136337   0.3   0   0.03956043956043956   1   1.7071067811865475   
0.719312042533   0.2   0   0.01978021978021978   0   2.6499158227686106   
0.845221293878   0.4   0   0.024175824175824177   0   3.502718688191053   
0.761586979298   0.1   0   0.02197802197802198   0   3.502718688191053   
0.275178386963   0.1   0   0.01098901098901099   0   3.502718688191053   
1.04676648439   0.2   0   0.041758241758241756   2   2.891684296469462   
0.882958593425   0.3   0   0.03076923076923077   0   3.299932586933325   
0.571690438116   0.5   0   0.015384615384615385   0   3.877282856122951   
0.769428905773   0.4   1   0.03296703296703297   0   0   
