0.237551542747   0.1   1   0.024175824175824177   0   1.0   
0.227690297719   0.0   0   0.03296703296703297   0   1.3892494720807615   
0.430002439471   0.3   0   0.03076923076923077   1   2.079315031423116   
0.928883809082   0.6   0   0.05714285714285714   5   2.932756597172915   
1.0662704715   0.4   0   0.06373626373626373   9   3.4181804981464494   
0.427658332366   0.4   0   0.035164835164835165   1   3.7181804981464497   
0.629230107275   0.4   0   0.054945054945054944   3   4.386683715583837   
0.585187253821   0.1   0   0.06373626373626373   2   5.222256464171187   
0.0596765702622   0.0   0   0.006593406593406593   0   5.915076787198737   
1.40150694665   0.4   0   0.10329670329670329   8   6.305551611272319   
0.682885417311   0.4   0   0.04835164835164835   2   6.550500585550636   
0.445378008232   0.4   0   0.035164835164835165   0   7.450500585550636   
0.639713578062   0.4   0   0.05274725274725275   1   7.685839947716457   
0.250115926617   0.0   0   0.02857142857142857   0   7.685839947716457   
0.838407596041   0.5   0   0.03956043956043956   0   7.904928970718522   
0.508839931967   0.2   0   0.05054945054945055   0   7.904928970718522   
0.0924837314015   0.0   0   0.013186813186813187   0   7.904928970718522   
0.324097608301   0.3   0   0.024175824175824177   0   8.266742584211839   
1.02677226583   0.5   0   0.046153846153846156   4   8.661300153744696   
0.431267972625   0.2   0   0.041758241758241756   2   8.661300153744696   
0.309515768277   0.1   0   0.035164835164835165   0   8.661300153744696   
0.376261688848   0.1   0   0.03956043956043956   1   8.944142866219316   
0.467020160213   0.2   0   0.046153846153846156   0   8.944142866219316   
0.374401468247   0.1   0   0.035164835164835165   0   9.244142866219315   
0.17190136371   0.0   0   0.02197802197802198   0   10.003089504659727   
0.580589940632   0.4   0   0.04835164835164835   1   10.003089504659727   
0.307325308209   0.1   0   0.02857142857142857   0   10.003089504659727   
0.234490014383   0.1   0   0.024175824175824177   0   10.003089504659727   
0.429277952198   0.4   0   0.03956043956043956   0   10.851617642083584   
0.195087538604   0.0   0   0.03296703296703297   1   10.851617642083584   
0.314689089873   0.2   0   0.035164835164835165   0   11.751617642083586   
0.319695925717   0.2   0   0.02857142857142857   0   12.750077995288997   
0.455697887061   0.2   0   0.041758241758241756   0   13.025376875933672   
0.406683400731   0.2   1   0.046153846153846156   3   0   
