0.881813815332   0.6   1   0.046153846153846156   0   1.0   
0.602574867402   0.3   0   0.054945054945054944   0   1.0   
0.178837808292   0.1   0   0.03076923076923077   0   1.0   
0.486276610145   0.2   0   0.06593406593406594   0   1.4564354645876383   
0.468720650111   0.4   0   0.03296703296703297   1   1.4564354645876383   
0.407534224673   0.2   0   0.03076923076923077   0   1.4564354645876383   
0.963750107976   0.7   0   0.07912087912087912   5   1.4564354645876383   
0.443215262575   0.4   0   0.02857142857142857   1   1.4564354645876383   
0.384301119907   0.4   0   0.02197802197802198   0   1.4564354645876383   
0.466998488744   0.4   0   0.03076923076923077   0   1.4564354645876383   
0.631721840869   0.6   0   0.04395604395604396   4   1.4564354645876383   
0.526953057098   0.4   0   0.03736263736263736   0   1.4564354645876383   
0.189674544651   0.2   0   0.015384615384615385   0   1.4564354645876383   
0.198880261785   0.1   0   0.03076923076923077   0   1.4564354645876383   
0.891095803233   0.3   0   0.05714285714285714   1   1.4564354645876383   
1.84096904506   0.6   0   0.1076923076923077   2   1.4564354645876383   
0.550436829818   0.4   0   0.03736263736263736   0   2.2696910015852456   
0.490752874399   0.3   0   0.046153846153846156   2   2.745285867190917   
1.03326000492   0.5   0   0.08351648351648351   2   2.745285867190917   
0.510519340881   0.4   0   0.03736263736263736   0   2.745285867190917   
0.116128794502   0.0   0   0.017582417582417582   0   2.745285867190917   
0.199877095933   0.1   0   0.02857142857142857   0   3.3497563920179054   
0.0809470503038   0.1   0   0.015384615384615385   0   4.173510863065819   
0.155597108189   0.0   0   0.02857142857142857   0   4.173510863065819   
0.104047891493   0.0   0   0.017582417582417582   0   4.173510863065819   
0.0720347125797   0.0   0   0.015384615384615385   0   4.173510863065819   
0.247958475879   0.1   0   0.026373626373626374   0   4.173510863065819   
0.0992509605989   0.0   0   0.015384615384615385   0   4.173510863065819   
0.0854063852024   0.0   0   0.008791208791208791   0   4.173510863065819   
0.337998663408   0.1   0   0.041758241758241756   1   4.173510863065819   
0.194466144037   0.0   0   0.03296703296703297   0   4.173510863065819   
0.542655136133   0.3   0   0.03956043956043956   0   4.173510863065819   
0.232422629997   0.1   0   0.03076923076923077   0   4.173510863065819   
0.128355984278   0.1   0   0.01098901098901099   0   3.140965898848879   
0.244790949762   0.1   0   0.03736263736263736   0   3.412128971122199   
0.104144615198   0.1   0   0.015384615384615385   0   3.8347060984864574   
0.23645289795   0.2   0   0.024175824175824177   0   4.171806029718078   
0.20071310588   0.1   0   0.01978021978021978   0   4.917162022218008   
0.466506296867   0.2   0   0.04395604395604396   1   4.917162022218008   
0.115448062144   0.0   0   0.02197802197802198   0   4.917162022218008   
0.838314894737   0.6   0   0.054945054945054944   1   5.562659246585912   
0.695263545983   0.3   0   0.06593406593406594   1   6.137882988221439   
0.793006558059   0.4   0   0.04835164835164835   0   6.342007133453371   
0.292420910867   0.2   0   0.041758241758241756   0   6.854996309495947   
0.127718442774   0.0   0   0.024175824175824177   0   7.192096240727568   
0.18434268855   0.2   1   0.017582417582417582   0   0   
