0.684430667788   0.4   1   0.05274725274725275   0   0   
0.527524929811   0.2   0   0.04395604395604396   0   0   
0.471529864626   0.2   0   0.02857142857142857   0   0   
0.0299739540445   0.0   0   0.004395604395604396   0   0   
0.407881947446   0.2   0   0.024175824175824177   0   0   
0.275074500523   0.2   0   0.026373626373626374   1   0   
0.209978779777   0.2   0   0.026373626373626374   0   0   
0.346213460356   0.1   0   0.03736263736263736   0   0   
0.383164032956   0.4   0   0.015384615384615385   0   0   
0.736814484335   0.5   0   0.041758241758241756   0   0   
0.379417649096   0.2   0   0.026373626373626374   0   0   
0.387479026068   0.3   0   0.04395604395604396   0   0   
0.185137275743   0.0   0   0.026373626373626374   0   0   
0.517275049044   0.3   0   0.04835164835164835   2   1.0   
0.688569188703   0.2   0   0.05054945054945055   0   1.0   
0.35314075447   0.3   0   0.015384615384615385   0   1.0   
0.120528446762   0.1   0   0.015384615384615385   0   1.0   
0.206024426919   0.1   0   0.024175824175824177   0   1.0   
0.402246572207   0.1   0   0.05054945054945055   0   1.0   
0.472761283449   0.2   0   0.024175824175824177   0   1.0   
0.243290638563   0.1   0   0.035164835164835165   1   1.0   
0.586083017386   0.4   0   0.026373626373626374   0   1.0   
0.596706179313   0.2   0   0.05274725274725275   0   1.0   
0.108902670516   0.0   0   0.015384615384615385   0   1.0   
0.2410739401   0.2   0   0.02857142857142857   0   1.0   
1.03271906814   0.8   0   0.09230769230769231   1   1.0   
0.0509222908591   0.0   0   0.006593406593406593   0   1.0   
0.228606652499   0.1   0   0.02197802197802198   0   1.0   
0.16593785095   0.2   0   0.01978021978021978   0   1.0   
0.224062915088   0.2   0   0.01978021978021978   0   1.6396021490668315   
0.288971431008   0.2   0   0.041758241758241756   1   1.6396021490668315   
0.259433146168   0.1   0   0.026373626373626374   0   1.6396021490668315   
0.306936087957   0.3   0   0.015384615384615385   0   1.6396021490668315   
0.458710618895   0.2   0   0.02857142857142857   0   1.6396021490668315   
0.358231893918   0.3   0   0.03296703296703297   0   2.4141988183083147   
0.166088603504   0.0   1   0.01978021978021978   0   0   
