1.25200903791   0.6   1   0.05934065934065934   1   1.0   
1.48935577227   1.0   0   0.06153846153846154   1   1.907218423253029   
0.762828472064   0.5   0   0.035164835164835165   0   2.850027464835092   
0.537994515154   0.2   0   0.03736263736263736   0   3.078692245025104   
0.157630313803   0.0   0   0.017582417582417582   0   3.078692245025104   
0.289886953676   0.0   0   0.03076923076923077   0   3.078692245025104   
1.21929073401   0.5   0   0.041758241758241756   0   2.5660530041686758   
0.606327184547   0.2   0   0.03956043956043956   6   2.5660530041686758   
0.441150464192   0.3   0   0.01978021978021978   0   2.5660530041686758   
0.651564113486   0.3   0   0.024175824175824177   2   2.699065438520911   
2.1138294252   0.9   0   0.08571428571428572   3   3.2810682501354878   
1.04154204701   0.3   0   0.06373626373626373   0   3.6256109578211313   
0.565193818456   0.3   0   0.026373626373626374   0   3.9024984199184005   
0.38366352263   0.3   0   0.017582417582417582   0   4.580731418230928   
0.833713640319   0.5   0   0.02857142857142857   2   5.245793589992104   
0.373346500071   0.1   0   0.02857142857142857   0   5.378806024344339   
1.03031017882   0.4   1   0.035164835164835165   2   0   
