0.025654917675   0.0   1   0.006593406593406593   0   0   
0.837510477257   0.7   0   0.10989010989010989   1   0   
0.098220451703   0.1   0   0.01978021978021978   0   0   
0.594139590139   0.3   0   0.04395604395604396   0   0   
0.318697629876   0.3   0   0.03736263736263736   0   1.0   
0.410036322636   0.3   0   0.03736263736263736   2   1.0   
0.131372446014   0.0   0   0.03076923076923077   0   1.0   
0.39629949679   0.3   0   0.04395604395604396   0   1.4609772228646445   
0.738110703357   0.4   0   0.07692307692307693   5   1.4609772228646445   
0.231720757144   0.3   0   0.02857142857142857   0   1.4609772228646445   
0.399176813039   0.4   0   0.03076923076923077   0   1.4609772228646445   
0.281000053184   0.2   0   0.046153846153846156   0   1.9108449282858633   
0.27721669601   0.2   0   0.01978021978021978   0   1.9108449282858633   
0.207202119942   0.0   0   0.03956043956043956   0   1.9108449282858633   
0.136291367956   0.0   0   0.03076923076923077   0   1.9108449282858633   
0.492601990323   0.1   0   0.07032967032967033   3   1.9108449282858633   
0.237817845129   0.0   0   0.04395604395604396   0   1.9108449282858633   
0.279710227085   0.2   0   0.017582417582417582   0   1.9108449282858633   
0.492865618747   0.3   0   0.05274725274725275   0   1.9108449282858633   
0.14744889847   0.2   0   0.03736263736263736   5   1.9108449282858633   
0.224047154551   0.2   0   0.013186813186813187   0   2.7524703398160364   
0.27607343711   0.1   0   0.02197802197802198   0   2.7524703398160364   
0.469165714766   0.1   0   0.05714285714285714   0   2.7524703398160364   
0.0922782672108   0.0   0   0.01978021978021978   0   2.7524703398160364   
0.58576218462   0.3   0   0.05934065934065934   0   2.7524703398160364   
0.101668161993   0.1   0   0.015384615384615385   0   3.531664062290016   
0.350333912497   0.3   0   0.024175824175824177   0   3.531664062290016   
0.316917263576   0.1   0   0.05934065934065934   0   3.531664062290016   
0.06124686429   0.0   0   0.008791208791208791   0   3.531664062290016   
0.210586538808   0.2   0   0.026373626373626374   0   3.9671913099412994   
0.152581237793   0.1   0   0.01978021978021978   0   3.2904589707213536   
0.277126848408   0.2   0   0.041758241758241756   0   3.2904589707213536   
0.562533199014   0.3   0   0.04395604395604396   0   3.2904589707213536   
0.107896727949   0.0   0   0.02197802197802198   0   3.2904589707213536   
0.378939681442   0.2   0   0.026373626373626374   0   3.5791341053161663   
0.371201986473   0.5   0   0.026373626373626374   0   3.867809239910979   
0.233813305957   0.2   0   0.017582417582417582   0   3.867809239910979   
0.642156036599   0.2   0   0.07472527472527472   0   3.867809239910979   
0.185017056936   0.1   0   0.024175824175824177   0   3.867809239910979   
0.563360746402   0.3   0   0.04395604395604396   0   3.867809239910979   
0.21972550979   0.1   0   0.026373626373626374   0   4.156484374505792   
0.231534566115   0.3   0   0.03296703296703297   0   4.156484374505792   
0.216483555867   0.1   0   0.013186813186813187   0   4.156484374505792   
0.381159968553   0.3   0   0.03956043956043956   1   4.156484374505792   
0.457458330712   0.2   0   0.05054945054945055   0   4.156484374505792   
0.162758255837   0.0   1   0.026373626373626374   0   0   
