0.36980434911   0.2   1   0.02857142857142857   0   1.0   
0.255456488838   0.1   0   0.01978021978021978   2   1.8320502943378436   
0.190681297095   0.1   0   0.02197802197802198   0   1.8320502943378436   
0.401709243048   0.3   0   0.024175824175824177   0   2.0127039038964667   
0.444376236347   0.4   0   0.03956043956043956   3   2.403571883881752   
0.363585339475   0.3   0   0.035164835164835165   0   2.403571883881752   
0.164979016663   0.0   0   0.024175824175824177   0   2.403571883881752   
0.783179256557   0.4   0   0.05934065934065934   4   2.999255281063023   
0.48873903966   0.2   0   0.03956043956043956   1   3.3901232610483087   
0.158324628985   0.0   0   0.02197802197802198   0   3.3901232610483087   
0.142146166164   0.1   0   0.017582417582417582   0   3.3901232610483087   
0.343104982352   0.1   0   0.03076923076923077   0   3.833325891262268   
0.0846663766323   0.0   0   0.01098901098901099   0   3.833325891262268   
0.411235156331   0.2   0   0.035164835164835165   1   4.247903990056693   
0.435472663855   0.3   0   0.03076923076923077   1   4.691106620270651   
0.211877608384   0.0   0   0.024175824175824177   0   4.691106620270651   
0.166019406772   0.0   0   0.017582417582417582   2   4.691106620270651   
0.0947486370503   0.0   0   0.015384615384615385   0   4.691106620270651   
0.0897077739415   0.0   0   0.01098901098901099   0   4.691106620270651   
0.7558301477   0.5   0   0.041758241758241756   0   5.321130172861696   
0.138502993948   0.1   0   0.01098901098901099   0   5.321130172861696   
0.215291973944   0.1   0   0.017582417582417582   0   5.861191897729018   
0.105189767454   0.0   0   0.015384615384615385   0   5.861191897729018   
0.215807387318   0.2   0   0.01978021978021978   0   5.861191897729018   
0.108581941933   0.0   0   0.017582417582417582   0   5.861191897729018   
0.439030721861   0.4   0   0.03296703296703297   0   6.255597216602325   
0.802051098281   0.5   0   0.06593406593406594   2   6.534483892113683   
0.568576792598   0.4   0   0.03956043956043956   0   6.894525042025231   
0.327328998699   0.2   0   0.02857142857142857   0   7.318184314893393   
0.465759984945   0.4   0   0.04395604395604396   0   7.318184314893393   
0.516645752114   0.3   0   0.035164835164835165   0   7.700065622806379   
0.0705917506026   0.0   0   0.01098901098901099   0   7.700065622806379   
0.413729034972   0.1   0   0.03956043956043956   0   8.060106772717926   
0.120987009542   0.1   0   0.01098901098901099   0   8.060106772717926   
0.170726188326   0.0   0   0.01978021978021978   0   8.060106772717926   
0.228772806831   0.1   0   0.02857142857142857   0   8.060106772717926   
0.119885333543   0.0   0   0.013186813186813187   0   8.060106772717926   
0.115186499412   0.0   0   0.01978021978021978   0   8.060106772717926   
0.314194850244   0.1   0   0.035164835164835165   0   8.060106772717926   
0.172500147227   0.2   0   0.015384615384615385   0   8.637457041907552   
0.131604268842   0.0   0   0.013186813186813187   0   8.637457041907552   
0.109451136034   0.1   0   0.006593406593406593   0   9.51937414559575   
0.373999672154   0.3   0   0.017582417582417582   0   10.059435870463071   
0.321252868342   0.1   0   0.03296703296703297   0   10.848246508209687   
0.281608232772   0.2   0   0.017582417582417582   0   11.388308233077009   
0.419134851481   0.3   0   0.041758241758241756   0   11.73874655510224   
0.323525267596   0.2   1   0.02197802197802198   0   0   
