0.286398425688   0.3   1   0.03956043956043956   0   1.0   
0.363936091829   0.3   0   0.05934065934065934   0   1.7878385971583355   
0.309575720316   0.2   0   0.03296703296703297   0   2.3355611546635013   
0.477648626286   0.5   0   0.035164835164835165   0   1.7339960579281977   
0.361305877466   0.4   0   0.03076923076923077   0   2.2685185417530462   
0.368399564687   0.2   0   0.041758241758241756   0   2.546537760495813   
0.223736532368   0.2   0   0.03296703296703297   0   2.890802946825361   
0.282384472068   0.2   0   0.03296703296703297   0   3.0524933635162497   
0.266719387161   0.1   0   0.035164835164835165   0   3.219160030182916   
0.13827225494   0.1   0   0.017582417582417582   0   3.219160030182916   
0.190926347849   0.1   0   0.02197802197802198   0   3.4299785408608083   
0.75313032025   0.4   0   0.05054945054945055   0   4.182885380846087   
0.183735478333   0.2   0   0.024175824175824177   0   4.555939629585873   
0.241865494201   0.2   0   0.041758241758241756   0   4.697865490398875   
0.0917131605665   0.0   0   0.02197802197802198   0   4.697865490398875   
0.102370382983   0.0   0   0.02197802197802198   0   4.697865490398875   
0.257562108725   0.2   0   0.017582417582417582   0   5.354032813233192   
0.276376502192   0.3   0   0.024175824175824177   0   6.100141310712763   
0.188869193026   0.1   0   0.02197802197802198   0   6.29577260917564   
0.399544091154   0.4   0   0.035164835164835165   0   6.914413093934532   
0.242923033856   0.2   0   0.013186813186813187   0   7.672089854878191   
0.203473097306   0.1   0   0.035164835164835165   0   7.826749976067914   
0.165508162141   0.0   0   0.03736263736263736   0   7.826749976067914   
0.110210447657   0.1   0   0.026373626373626374   0   7.826749976067914   
0.0809832857671   0.0   0   0.01978021978021978   0   7.826749976067914   
0.0758429421327   0.0   0   0.015384615384615385   0   7.826749976067914   
0.294793925037   0.2   0   0.024175824175824177   0   8.386331349177592   
0.122627195908   0.0   0   0.024175824175824177   0   8.572858473547484   
0.081487954644   0.0   0   0.015384615384615385   0   8.572858473547484   
0.284280021173   0.2   0   0.03736263736263736   0   8.572858473547484   
0.0975647331554   0.0   0   0.013186813186813187   0   8.572858473547484   
0.387271908785   0.2   0   0.02857142857142857   0   9.37151990513444   
0.643069359162   0.4   0   0.05714285714285714   0   9.956080217144608   
0.477654164672   0.3   0   0.046153846153846156   0   10.496073902739235   
0.440661912564   0.3   0   0.03736263736263736   0   11.06377734599124   
0.349105982445   0.3   0   0.054945054945054944   3   11.293534654045875   
0.332319738778   0.4   0   0.015384615384615385   0   11.995007028458078   
0.176709610802   0.2   0   0.03076923076923077   1   12.160345652712042   
0.388388463033   0.2   0   0.054945054945054944   0   12.398460486316807   
0.282329128614   0.3   0   0.03076923076923077   0   12.72913773482474   
0.0964079518404   0.1   0   0.008791208791208791   0   12.72913773482474   
0.269014602814   0.2   0   0.017582417582417582   0   13.604027498603829   
0.192198938659   0.1   0   0.03076923076923077   0   13.604027498603829   
0.268991780364   0.3   0   0.035164835164835165   0   13.604027498603829   
0.246494441447   0.2   0   0.015384615384615385   0   14.30549987301603   
0.337590643426   0.4   0   0.035164835164835165   0   14.614820115395474   
0.320670049686   0.1   0   0.05274725274725275   0   14.74109957555275   
0.380940506813   0.4   0   0.02857142857142857   0   15.427419572130008   
0.145405178763   0.1   0   0.015384615384615385   0   15.661243696934074   
0.528979059645   0.4   0   0.054945054945054944   2   16.01841594734122   
0.139094898171   0.0   0   0.026373626373626374   0   16.01841594734122   
0.310440266799   0.2   0   0.024175824175824177   0   16.5779973204509   
0.550383603927   0.4   0   0.08131868131868132   0   16.77612083783795   
0.207136513773   0.3   0   0.03296703296703297   0   16.93585312415534   
0.50218772094   0.3   0   0.041758241758241756   0   17.709825873304247   
0.25564958778   0.3   0   0.02857142857142857   0   18.052985871592877   
0.139801344968   0.2   0   0.013186813186813187   0   18.052985871592877   
0.410827879572   0.4   0   0.03076923076923077   0   18.549001744354776   
0.201849446086   0.2   0   0.03076923076923077   0   18.71434036860874   
0.640405279704   0.5   1   0.05714285714285714   1   0   
