0.72771823289   0.5   1   0.04395604395604396   0   0   
0.0507221369387   0.1   0   0.008791208791208791   0   0   
0.176951600251   0.0   0   0.03296703296703297   4   0   
0.289472518036   0.3   0   0.01978021978021978   0   0   
0.10658998464   0.1   0   0.017582417582417582   0   0   
0.420436046314   0.2   0   0.06593406593406594   0   0   
0.145765323893   0.1   0   0.02197802197802198   0   0   
0.682486448867   0.7   0   0.03296703296703297   0   1.0   
0.00789959637386   0.0   0   0.002197802197802198   0   1.0   
0.037966602781   0.0   0   0.008791208791208791   0   1.0   
0.413150297428   0.4   0   0.041758241758241756   0   1.0   
0.264295720943   0.2   0   0.01978021978021978   0   1.0   
0.221625910022   0.3   0   0.03296703296703297   0   1.0   
0.415812241829   0.4   0   0.03956043956043956   0   1.0   
0.368890978038   0.3   0   0.03076923076923077   0   1.0   
0.271631006808   0.3   0   0.03956043956043956   0   1.0   
0.101068055195   0.0   0   0.024175824175824177   0   1.0   
0.192778752098   0.0   0   0.03076923076923077   0   1.0   
0.429586728518   0.4   0   0.03956043956043956   0   1.0   
0.358317700319   0.4   0   0.024175824175824177   0   1.0   
0.25465293752   0.0   0   0.04835164835164835   1   1.0   
0.185839707333   0.1   0   0.024175824175824177   2   1.0   
0.120632377688   0.1   0   0.024175824175824177   2   1.0   
0.0112170506512   0.0   0   0.002197802197802198   0   1.2294157338705618   
0   0.0   0   0.0   0   1.2294157338705618   
0   0.0   0   0.0   0   1.2294157338705618   
0.111645377936   0.1   0   0.015384615384615385   0   1.6073802068797889   
0.224985892406   0.2   0   0.013186813186813187   0   1.6073802068797889   
0.393016648413   0.3   0   0.03736263736263736   0   1.6073802068797889   
0.0919449109114   0.0   0   0.01978021978021978   0   1.6073802068797889   
0.425570218227   0.3   0   0.041758241758241756   0   1.6073802068797889   
0.463101309613   0.5   0   0.03296703296703297   0   1.6073802068797889   
0.0861669269244   0.1   0   0.01098901098901099   0   1.6073802068797889   
0   0.0   0   0.0   0   1.6073802068797889   
0   0.0   0   0.0   0   1.6073802068797889   
0.175175472495   0.2   0   0.026373626373626374   0   1.6073802068797889   
0.177629918389   0.0   0   0.035164835164835165   3   1.6073802068797889   
0.167883003123   0.2   0   0.02857142857142857   0   1.6073802068797889   
0.0743179513451   0.1   0   0.013186813186813187   0   1.6073802068797889   
0.0607741207248   0.0   0   0.015384615384615385   0   1.6073802068797889   
0.500883589083   0.2   0   0.054945054945054944   3   1.6073802068797889   
0.463219856791   0.4   0   0.03736263736263736   1   1.6073802068797889   
0.314823559074   0.2   0   0.02857142857142857   0   1.7460552559360962   
0.384378355223   0.3   0   0.035164835164835165   0   1.7460552559360962   
0.192099460894   0.3   0   0.024175824175824177   1   1.7460552559360962   
0.507618118663   0.3   0   0.05054945054945055   2   1.7460552559360962   
0.412044283969   0.4   0   0.04395604395604396   1   1.7460552559360962   
0.300933913946   0.2   0   0.046153846153846156   0   1.9545696699931712   
0.244910545396   0.1   0   0.02857142857142857   1   1.9545696699931712   
0.133461957271   0.0   0   0.01978021978021978   1   1.9545696699931712   
0.0578141665056   0.0   0   0.013186813186813187   0   1.9545696699931712   
0.423280352887   0.4   0   0.03736263736263736   0   1.9545696699931712   
0.207978632589   0.2   0   0.03736263736263736   0   1.9545696699931712   
0.0253252277132   0.0   0   0.006593406593406593   0   1.9545696699931712   
0.305089711753   0.2   0   0.03736263736263736   0   1.9545696699931712   
0.20694836473   0.3   0   0.017582417582417582   1   1.9545696699931712   
0.0391323345784   0.0   0   0.01098901098901099   0   1.9545696699931712   
0.170565065303   0.2   0   0.01978021978021978   0   1.9545696699931712   
0.0778941517033   0.1   0   0.01098901098901099   0   1.9545696699931712   
0.121372387473   0.1   0   0.015384615384615385   0   1.9545696699931712   
0.197608984581   0.3   0   0.02857142857142857   0   1.9545696699931712   
0.311264931673   0.3   0   0.03956043956043956   0   2.1902719303886866   
0.338185135874   0.4   0   0.017582417582417582   0   2.1902719303886866   
0.206275863017   0.3   0   0.01978021978021978   0   2.1902719303886866   
0.497063408755   0.6   0   0.035164835164835165   0   2.1902719303886866   
0.127127075197   0.0   0   0.01978021978021978   0   2.1902719303886866   
0.323223269753   0.3   0   0.026373626373626374   0   2.1902719303886866   
1.25995286773   0.8   0   0.13846153846153847   1   2.1902719303886866   
0.531561168576   0.6   0   0.03956043956043956   2   2.1902719303886866   
0.288259790485   0.3   0   0.024175824175824177   0   2.1902719303886866   
0.0804223075157   0.0   0   0.017582417582417582   0   2.1902719303886866   
0.344222686173   0.4   0   0.024175824175824177   0   2.4917832749664504   
0.0259177597823   0.0   0   0.006593406593406593   0   2.4917832749664504   
0.0886307212991   0.0   0   0.015384615384615385   0   2.4917832749664504   
0.0134785021241   0.0   0   0.004395604395604396   0   2.4917832749664504   
0.0257386544461   0.0   0   0.008791208791208791   0   2.4917832749664504   
0.0118618445618   0.0   0   0.004395604395604396   0   2.4917832749664504   
0.312726030854   0.2   0   0.02857142857142857   1   2.4917832749664504   
0.0792095545353   0.1   0   0.01098901098901099   0   2.4917832749664504   
0.0830758450863   0.0   1   0.024175824175824177   0   0   
