0.588344439615   0.3   1   0.046153846153846156   0   1.0   
1.14976942522   0.4   0   0.06373626373626373   1   1.5989120571285178   
0.817631398102   0.3   0   0.04395604395604396   3   2.5174707106722094   
0.229944279637   0.2   0   0.008791208791208791   0   3.235541041489463   
0.624771794048   0.3   0   0.041758241758241756   1   4.223960832980167   
0.632294350088   0.4   0   0.03076923076923077   1   4.991610306558905   
0.619680928449   0.3   0   0.03736263736263736   1   5.776908252714941   
0.700468077115   0.6   0   0.03956043956043956   0   6.748733568522492   
0.726666376945   0.4   0   0.04835164835164835   0   7.627782641514024   
0.803829528319   0.3   0   0.06373626373626373   2   8.345523204079297   
0.801868237128   0.3   0   0.05054945054945055   2   8.874517902489877   
0.581498266016   0.4   0   0.03956043956043956   0   9.52240144636158   
0.328736424068   0.3   0   0.02857142857142857   1   9.52240144636158   
0.320739826429   0.2   0   0.01098901098901099   0   8.746370894845942   
0.117220603285   0.2   0   0.008791208791208791   0   8.746370894845942   
0.167591708087   0.1   0   0.01098901098901099   0   8.746370894845942   
0.183624453881   0.0   0   0.02197802197802198   0   8.746370894845942   
0.616160277833   0.3   0   0.05714285714285714   0   9.1689480222102   
0.342580768874   0.3   0   0.03076923076923077   0   6.114194863701296   
0.448597500191   0.2   0   0.03076923076923077   0   6.425999645932458   
0   0.0   0   0.0   0   6.425999645932458   
0   0.0   0   0.0   0   6.425999645932458   
0.0466880533243   0.0   0   0.006593406593406593   0   6.425999645932458   
0.797092083324   0.5   0   0.046153846153846156   0   7.106413463372229   
0.111973882828   0.0   0   0.01098901098901099   0   7.106413463372229   
0.527088924871   0.1   0   0.05054945054945055   1   7.453817630262055   
0.325595933808   0.2   0   0.01098901098901099   0   8.011590981284773   
0.308047996205   0.1   0   0.026373626373626374   0   8.191611556240547   
0.0776869699832   0.0   0   0.01098901098901099   0   8.191611556240547   
1.03520482377   0.4   1   0.08351648351648351   0   0   
