0.802783930285   0.5   1   0.06373626373626373   0   0   
0.287439100152   0.1   0   0.024175824175824177   0   0   
0.27307818733   0.0   0   0.03296703296703297   0   0   
0.0278676722366   0.0   0   0.002197802197802198   0   0   
0.127832454262   0.1   0   0.01978021978021978   0   0   
0.470838930156   0.4   0   0.05934065934065934   0   0   
0.492566054524   0.2   0   0.05714285714285714   3   0   
0.201769885537   0.0   0   0.02857142857142857   1   0   
0.126336486725   0.0   0   0.015384615384615385   0   0   
0.242551246149   0.2   0   0.01098901098901099   0   0   
0.315296528262   0.1   0   0.02197802197802198   0   0   
0.0233755603569   0.0   0   0.004395604395604396   0   0   
0.297622040779   0.2   0   0.02197802197802198   0   0   
0.307999442424   0.2   0   0.03736263736263736   0   0   
0.569132500567   0.3   0   0.05274725274725275   0   0   
0.0982350087392   0.2   0   0.013186813186813187   0   0   
0.106278300213   0.0   0   0.017582417582417582   0   0   
0.0281815431246   0.0   0   0.004395604395604396   0   0   
0.0434958943888   0.0   0   0.008791208791208791   0   0   
0.0303390551952   0.0   0   0.004395604395604396   0   0   
0.0185784481577   0.0   0   0.002197802197802198   0   0   
0.016305834451   0.0   0   0.002197802197802198   0   0   
0.632937218805   0.4   0   0.04395604395604396   0   0   
0.218558714096   0.1   0   0.01978021978021978   0   0   
0.270425788178   0.1   0   0.01978021978021978   0   0   
0.310301282362   0.3   0   0.01978021978021978   0   0   
0.289020791673   0.1   0   0.01978021978021978   0   0   
0.915258109259   0.4   0   0.05934065934065934   0   0   
0.428190508727   0.3   0   0.02857142857142857   0   0   
0.487736638569   0.4   0   0.046153846153846156   0   0   
0.108246891723   0.2   0   0.013186813186813187   0   0   
0.348486795583   0.2   0   0.024175824175824177   0   0   
0.587483527993   0.5   0   0.03296703296703297   0   0   
0.135247263369   0.2   0   0.017582417582417582   0   0   
0.250543102573   0.2   0   0.02197802197802198   0   0   
0.350475305423   0.3   0   0.03296703296703297   0   0   
0.124530988516   0.1   0   0.01978021978021978   1   0   
0.281185047822   0.3   0   0.041758241758241756   0   0   
0.678938509176   0.3   0   0.05054945054945055   0   0   
0.26645459819   0.2   0   0.03296703296703297   0   0   
0.201426425293   0.1   0   0.01098901098901099   0   0   
0.388775324545   0.3   0   0.04395604395604396   0   0   
0.068738627199   0.1   0   0.006593406593406593   0   0   
0.12853530398   0.1   0   0.017582417582417582   0   0   
0.44286420738   0.3   0   0.03956043956043956   0   0   
0.0866867691103   0.0   0   0.015384615384615385   0   0   
0.295799214125   0.2   0   0.04395604395604396   0   0   
0.52720316169   0.3   0   0.03736263736263736   0   0   
0.485379470536   0.2   0   0.02197802197802198   0   0   
0.261535147929   0.2   0   0.03736263736263736   0   0   
0.123426699764   0.1   0   0.013186813186813187   0   1.0   
0.0224646609809   0.0   1   0.002197802197802198   0   0   
