1.14145506982   0.5   1   0.05934065934065934   0   1.0   
0.953682747356   0.6   0   0.054945054945054944   0   1.5744562646538027   
0.884198505628   0.5   0   0.06813186813186813   1   2.3244562646538025   
0.419352731359   0.3   0   0.024175824175824177   0   2.7574689665460217   
0.317859150331   0.1   0   0.026373626373626374   0   3.172047065340447   
0.282255486995   0.2   0   0.02197802197802198   0   4.080342171569694   
0.858830642402   0.6   0   0.04835164835164835   0   4.692714607265489   
0.824505921433   0.4   0   0.054945054945054944   0   5.399123677100425   
0.834718177414   0.3   0   0.06593406593406594   0   4.781011576578803   
0.383317025797   0.3   0   0.02857142857142857   0   5.042499756763048   
0.699653705117   0.3   0   0.04835164835164835   0   5.427399936222799   
0.530869780693   0.3   0   0.04395604395604396   0   5.427399936222799   
0.709199695239   0.5   0   0.035164835164835165   0   5.649622158445021   
0.22480665402   0.1   0   0.015384615384615385   0   6.00597048099492   
0.771744602851   0.4   0   0.04835164835164835   1   6.375770611811739   
1.18482800159   0.7   0   0.07032967032967033   0   7.2608824519219   
0.23902286682   0.0   0   0.01978021978021978   0   7.2608824519219   
0   0.0   0   0.0   0   7.2608824519219   
0   0.0   0   0.0   0   7.2608824519219   
0.871092697521   0.5   0   0.05274725274725275   0   7.610809558033783   
0.32753220164   0.2   0   0.02197802197802198   0   7.610809558033783   
0.506525139864   0.3   1   0.04395604395604396   0   0   
