0.557555029486   0.6   1   0.02857142857142857   0   0   
0.68230591969   0.3   0   0.04395604395604396   0   0   
0.733584019627   0.2   0   0.05054945054945055   3   1.0   
0.191335937403   0.2   0   0.01098901098901099   0   1.0   
0.338902185237   0.2   0   0.015384615384615385   0   1.0   
0.441187631118   0.3   0   0.03296703296703297   2   1.0   
0.0476976362617   0.0   0   0.004395604395604396   0   1.0   
0.442546194242   0.3   0   0.03296703296703297   0   1.0   
0.0392866027844   0.0   0   0.004395604395604396   0   1.0   
0.413180294145   0.3   0   0.02857142857142857   0   1.665062171761176   
0.860505355007   0.4   0   0.05714285714285714   5   2.6056021148871364   
0.184133768323   0.1   0   0.013186813186813187   0   2.6056021148871364   
0.545397716703   0.3   0   0.035164835164835165   1   2.6056021148871364   
0.850277241143   0.4   0   0.041758241758241756   0   3.6056021148871364   
0.617121201075   0.2   0   0.046153846153846156   4   3.6056021148871364   
0.365597270506   0.4   0   0.015384615384615385   0   3.6056021148871364   
0.143594818951   0.0   0   0.013186813186813187   0   3.6056021148871364   
0.40778405309   0.2   0   0.026373626373626374   0   3.6056021148871364   
0.648873845404   0.3   0   0.03736263736263736   2   3.6056021148871364   
0.085533043298   0.0   0   0.01098901098901099   0   3.6056021148871364   
0.68899699237   0.2   0   0.03956043956043956   2   3.6056021148871364   
0.0606313694841   0.0   0   0.006593406593406593   0   3.6043809189312497   
0.257897268042   0.1   0   0.015384615384615385   0   3.6043809189312497   
0.269855062898   0.2   0   0.015384615384615385   0   3.6043809189312497   
0.380329962613   0.4   0   0.017582417582417582   0   3.6043809189312497   
0.373545148503   0.3   0   0.017582417582417582   0   3.6043809189312497   
0.184497840881   0.2   0   0.01098901098901099   0   3.6043809189312497   
0.545608025645   0.3   0   0.035164835164835165   0   3.6043809189312497   
0.296380085227   0.2   0   0.01978021978021978   0   3.6043809189312497   
0.661916597456   0.6   0   0.03736263736263736   0   3.6043809189312497   
0.225762826235   0.0   1   0.013186813186813187   0   0   
