0.278774955065   0.3   1   0.026373626373626374   0   0   
0.0830815687329   0.0   0   0.026373626373626374   0   0   
0.706160123152   0.6   0   0.07912087912087912   2   0   
0.259632018075   0.1   0   0.03736263736263736   2   1.0   
0.583312697673   0.3   0   0.046153846153846156   2   1.824621125123532   
0.0631821818443   0.1   0   0.01098901098901099   0   1.824621125123532   
0.384358500283   0.2   0   0.06153846153846154   0   1.824621125123532   
0.641880926863   0.4   0   0.05714285714285714   1   1.824621125123532   
0.274013593997   0.3   0   0.03076923076923077   0   1.824621125123532   
0.102550340131   0.1   0   0.024175824175824177   0   1.824621125123532   
0.212148892924   0.1   0   0.04395604395604396   0   2.7036701981150646   
0.216794871385   0.1   0   0.05714285714285714   0   2.7036701981150646   
0.0245537534905   0.1   0   0.004395604395604396   0   2.7036701981150646   
0.210176693469   0.1   0   0.015384615384615385   0   2.7036701981150646   
0.0449934895141   0.0   0   0.013186813186813187   0   2.7036701981150646   
0.0329637554368   0.1   0   0.008791208791208791   0   2.7036701981150646   
0.176619772877   0.2   0   0.024175824175824177   0   2.7036701981150646   
0.0535659382849   0.0   0   0.013186813186813187   0   2.7036701981150646   
0.0932948261323   0.0   0   0.02857142857142857   3   2.7036701981150646   
0.162641023201   0.0   0   0.041758241758241756   0   2.7036701981150646   
0.228267323014   0.1   0   0.01978021978021978   0   2.7036701981150646   
0.257393341362   0.2   0   0.026373626373626374   0   2.7036701981150646   
0.557838829432   0.4   0   0.04835164835164835   0   2.7036701981150646   
0.639949327035   0.4   0   0.041758241758241756   0   2.7036701981150646   
0.338290651074   0.2   0   0.03956043956043956   0   2.7036701981150646   
0.472093806675   0.4   0   0.03296703296703297   0   2.7036701981150646   
0.278288219725   0.1   0   0.03736263736263736   0   2.7036701981150646   
0.136821276418   0.1   0   0.03296703296703297   0   2.7036701981150646   
0.467740850312   0.2   0   0.06373626373626373   1   2.7036701981150646   
0.0287040661041   0.0   0   0.01098901098901099   0   2.7036701981150646   
0.284857683367   0.2   0   0.03956043956043956   0   2.7036701981150646   
0.270811960715   0.1   0   0.026373626373626374   0   2.7036701981150646   
0.497089587258   0.4   0   0.06593406593406594   0   3.4107769793016116   
0.234003239905   0.2   0   0.01978021978021978   0   3.4107769793016116   
0.303301027913   0.4   0   0.03736263736263736   0   3.4107769793016116   
0.394280632899   0.2   0   0.046153846153846156   2   3.4107769793016116   
0.3524667504   0.2   0   0.03296703296703297   0   3.4107769793016116   
0.507407848946   0.4   0   0.035164835164835165   0   3.4107769793016116   
0.420855981936   0.3   0   0.035164835164835165   1   3.4107769793016116   
0.0557367910478   0.0   0   0.017582417582417582   1   3.4107769793016116   
0.269482431503   0.2   0   0.02857142857142857   0   3.4107769793016116   
0.227702700102   0.2   0   0.01978021978021978   0   3.4107769793016116   
0.309243615226   0.3   0   0.026373626373626374   0   3.4107769793016116   
0.195202724556   0.1   0   0.013186813186813187   0   3.4107769793016116   
0.358008427857   0.3   0   0.015384615384615385   0   3.4107769793016116   
0.50950173876   0.5   0   0.046153846153846156   0   3.4107769793016116   
0.461752052147   0.4   0   0.03296703296703297   0   4.203867093869049   
0.328071130971   0.1   0   0.046153846153846156   0   4.203867093869049   
0.421414121566   0.4   0   0.03736263736263736   0   4.203867093869049   
0.538677311482   0.1   0   0.06813186813186813   0   4.203867093869049   
0.262597103881   0.2   0   0.026373626373626374   1   4.203867093869049   
0.127824564335   0.0   0   0.035164835164835165   0   4.203867093869049   
0.237144525074   0.1   0   0.02197802197802198   0   4.203867093869049   
0.12464924766   0.1   0   0.03956043956043956   0   4.203867093869049   
0.0473034450437   0.0   0   0.013186813186813187   0   4.203867093869049   
0.155249360205   0.2   0   0.026373626373626374   1   4.203867093869049   
0.277528666   0.3   0   0.04835164835164835   0   4.203867093869049   
0.0339463593882   0.0   0   0.008791208791208791   0   4.203867093869049   
0.0494187038949   0.0   0   0.01978021978021978   1   4.203867093869049   
0.289072029742   0.2   0   0.03296703296703297   0   4.203867093869049   
0.10507020355   0.1   0   0.017582417582417582   0   4.203867093869049   
0.052201103842   0.0   0   0.013186813186813187   0   4.203867093869049   
0.0160015476324   0.0   0   0.006593406593406593   0   4.203867093869049   
0.298204445147   0.2   0   0.03956043956043956   0   4.203867093869049   
0.244654516456   0.2   0   0.01978021978021978   0   4.203867093869049   
0.134437468774   0.0   0   0.03956043956043956   2   4.203867093869049   
0.14170742108   0.0   0   0.041758241758241756   1   4.203867093869049   
0.231323865172   0.2   0   0.026373626373626374   1   4.203867093869049   
0.307166594944   0.2   0   0.03736263736263736   0   4.203867093869049   
0.181004504131   0.1   0   0.046153846153846156   0   4.203867093869049   
0.461687474725   0.3   0   0.03956043956043956   0   5.116738023044327   
0.242630876008   0.2   0   0.03076923076923077   0   5.116738023044327   
0.417654097651   0.3   0   0.02197802197802198   0   5.116738023044327   
0.204155336647   0.1   0   0.013186813186813187   0   5.116738023044327   
0.465493025327   0.4   0   0.03076923076923077   0   5.116738023044327   
0.281827541602   0.3   0   0.02857142857142857   0   5.116738023044327   
0.660948341861   0.4   0   0.07472527472527472   0   5.116738023044327   
0.20276378898   0.1   0   0.017582417582417582   0   5.116738023044327   
0.403668215484   0.2   0   0.03956043956043956   0   5.116738023044327   
0.239927990816   0.1   0   0.02857142857142857   0   5.116738023044327   
0.0931061350061   0.1   0   0.026373626373626374   0   5.116738023044327   
0.209143061037   0.1   0   0.01978021978021978   0   5.116738023044327   
0.307019855378   0.1   0   0.04835164835164835   0   5.116738023044327   
0.143828529484   0.1   0   0.035164835164835165   0   5.116738023044327   
0.0673395468045   0.0   0   0.02197802197802198   0   5.116738023044327   
0.114652472169   0.1   0   0.024175824175824177   0   5.116738023044327   
0.281195952489   0.2   0   0.026373626373626374   0   5.116738023044327   
0.156900324955   0.2   0   0.026373626373626374   1   5.116738023044327   
0.0163005988244   0.0   0   0.004395604395604396   0   5.116738023044327   
0.0281665802841   0.0   1   0.01098901098901099   1   0   
