1.33881341543   0.7   1   0.04835164835164835   0   0   
1.16891720564   0.5   0   0.05054945054945055   1   0   
1.59925656925   0.8   0   0.06373626373626373   2   1.0   
1.15574844239   0.6   0   0.046153846153846156   0   1.3170859162133657   
0.55818101242   0.3   0   0.03296703296703297   0   1.3170859162133657   
0.278777513027   0.2   0   0.015384615384615385   0   1.3170859162133657   
0.961021442199   0.2   0   0.06153846153846154   3   1.3170859162133657   
2.37943932972   0.6   0   0.12307692307692308   2   1.5167623786599254   
0.313335893853   0.2   0   0.01098901098901099   0   2.1151458790325623   
0.904826483205   0.4   0   0.03736263736263736   1   2.657472023579203   
0.430729181019   0.3   0   0.01098901098901099   0   3.657472023579203   
0.517939716618   0.2   0   0.02197802197802198   0   4.011025414172476   
1.08847784213   0.6   0   0.03076923076923077   1   4.538071690867206   
0.468855183345   0.2   1   0.02857142857142857   1   0   
