0.0306829029619   0.0   1   0.004395604395604396   0   0   
0.647873888591   0.7   0   0.05274725274725275   0   1.0   
0.637659523738   0.5   0   0.08351648351648351   3   1.7947194142390264   
0.164100678   0.2   0   0.026373626373626374   0   1.7947194142390264   
0.224738749353   0.3   0   0.024175824175824177   0   1.7947194142390264   
0.286486126964   0.4   0   0.02857142857142857   0   2.320877724059589   
0.0477785741938   0.0   0   0.008791208791208791   0   2.320877724059589   
0.0931215737036   0.1   0   0.002197802197802198   0   2.320877724059589   
0.300881856838   0.3   0   0.035164835164835165   0   2.320877724059589   
0.499304969135   0.5   0   0.07032967032967033   3   2.9582551632586873   
0.434761397434   0.3   0   0.054945054945054944   1   3.652143829747398   
0.117640849073   0.1   0   0.017582417582417582   0   3.652143829747398   
0.0111680082745   0.0   0   0.004395604395604396   0   3.652143829747398   
0.1336038249   0.1   0   0.01978021978021978   0   3.652143829747398   
0.139489700808   0.2   0   0.017582417582417582   0   3.652143829747398   
0.179804166653   0.0   0   0.024175824175824177   0   3.652143829747398   
0.147302406037   0.1   0   0.01978021978021978   0   3.652143829747398   
0.0122303332349   0.0   0   0.004395604395604396   0   3.652143829747398   
0.0334028727437   0.0   0   0.008791208791208791   0   3.652143829747398   
0.381710878966   0.5   0   0.02857142857142857   0   4.6521438297473985   
0.0809835403358   0.1   0   0.008791208791208791   0   4.6521438297473985   
0.0365976339   0.1   0   0.002197802197802198   0   4.6521438297473985   
0.0680047236733   0.0   0   0.01098901098901099   0   4.6521438297473985   
0.39837932485   0.4   0   0.041758241758241756   1   4.6521438297473985   
0.345175494118   0.3   0   0.02857142857142857   0   4.6521438297473985   
0.016441206841   0.0   0   0.004395604395604396   0   4.6521438297473985   
0.82596869204   0.5   0   0.06373626373626373   0   4.6521438297473985   
0.214049673836   0.1   0   0.02857142857142857   0   4.6521438297473985   
0.422332687664   0.3   0   0.05274725274725275   0   4.6521438297473985   
0.280351091607   0.3   0   0.03076923076923077   0   4.6521438297473985   
0.065609159489   0.2   0   0.006593406593406593   0   4.6521438297473985   
0   0.0   0   0.0   0   4.6521438297473985   
0.0412553823498   0.0   0   0.008791208791208791   0   4.6521438297473985   
0.19031828723   0.1   0   0.024175824175824177   0   4.6521438297473985   
0.315776209142   0.1   0   0.05054945054945055   0   4.6521438297473985   
0.0921497641347   0.1   0   0.015384615384615385   0   4.6521438297473985   
0.243351688862   0.2   0   0.03296703296703297   0   4.6521438297473985   
0.290056732848   0.2   0   0.03296703296703297   1   4.6521438297473985   
0.270800836252   0.3   0   0.026373626373626374   0   4.6521438297473985   
0.209001674749   0.2   0   0.02857142857142857   0   4.6521438297473985   
0.178545773058   0.1   0   0.015384615384615385   0   4.6521438297473985   
0.155517322754   0.1   0   0.02197802197802198   0   4.6521438297473985   
0.306846820209   0.3   0   0.03296703296703297   0   5.526618461942605   
0.245645242162   0.2   0   0.03296703296703297   0   5.526618461942605   
0.0370645075963   0.0   0   0.008791208791208791   0   5.526618461942605   
0.432866614729   0.4   0   0.041758241758241756   0   6.313414254412048   
0.126034877657   0.1   0   0.015384615384615385   0   6.313414254412048   
0.372907760033   0.3   0   0.03296703296703297   2   6.313414254412048   
0.409793985326   0.4   0   0.02857142857142857   0   6.313414254412048   
0.410249702028   0.2   0   0.04395604395604396   0   6.313414254412048   
0.293947549588   0.4   0   0.03076923076923077   0   6.313414254412048   
0.111875669941   0.1   0   0.01098901098901099   0   6.313414254412048   
0.133471136818   0.2   0   0.015384615384615385   0   6.313414254412048   
0.295309160672   0.2   0   0.026373626373626374   0   6.313414254412048   
0.0682800899188   0.1   0   0.006593406593406593   0   6.313414254412048   
0.0118420620441   0.0   0   0.002197802197802198   0   6.313414254412048   
0.0803649212973   0.0   0   0.02197802197802198   0   6.313414254412048   
0.0109588474415   0.0   0   0.002197802197802198   0   6.313414254412048   
0.374392325431   0.3   0   0.035164835164835165   0   6.313414254412048   
0.314506502685   0.3   0   0.02857142857142857   0   6.313414254412048   
0.0153474379302   0.0   0   0.004395604395604396   0   6.313414254412048   
0   0.0   0   0.0   0   6.313414254412048   
0   0.0   0   0.0   0   6.313414254412048   
0.0794879963982   0.1   0   0.01098901098901099   0   6.313414254412048   
0.306760482911   0.2   0   0.03736263736263736   0   6.313414254412048   
0.374125452078   0.3   0   0.046153846153846156   0   6.313414254412048   
0.267732254338   0.4   0   0.026373626373626374   0   7.065732212594331   
0.185310518843   0.1   0   0.03076923076923077   2   7.065732212594331   
0.264069206071   0.3   0   0.03296703296703297   0   7.960159403594246   
0.118208445785   0.1   0   0.008791208791208791   0   7.960159403594246   
0.217832567543   0.1   0   0.041758241758241756   2   7.960159403594246   
0.1811195045   0.1   0   0.024175824175824177   0   7.960159403594246   
0.0874128823591   0.1   0   0.013186813186813187   0   7.960159403594246   
0.174271865323   0.1   0   0.02197802197802198   1   7.960159403594246   
0.105786145781   0.1   0   0.015384615384615385   0   7.960159403594246   
0.137149394122   0.1   0   0.02197802197802198   0   7.960159403594246   
0.563214188331   0.5   0   0.041758241758241756   0   6.744750218071836   
0.293868550318   0.3   0   0.02857142857142857   0   6.744750218071836   
0.16337118798   0.2   0   0.01978021978021978   0   6.744750218071836   
0.342673668227   0.4   0   0.03076923076923077   0   7.412903322852897   
0.208759728528   0.0   0   0.046153846153846156   1   7.412903322852897   
0.279964916974   0.2   0   0.03076923076923077   1   7.412903322852897   
0.1432694051   0.1   0   0.02197802197802198   0   7.412903322852897   
0.0894319962192   0.0   0   0.02197802197802198   0   7.412903322852897   
0.244303587389   0.2   1   0.035164835164835165   0   0   
