0.905421493231   0.5   1   0.03956043956043956   0   1.0   
0.367211047646   0.0   0   0.02857142857142857   0   1.4031128874149272   
1.00589116425   0.2   0   0.05054945054945055   1   1.763668014961326   
0.171008920134   0.0   0   0.017582417582417582   1   1.763668014961326   
0.753077670131   0.5   0   0.03076923076923077   0   1.9890149696778254   
0.069858300939   0.0   0   0.004395604395604396   0   1.9890149696778254   
0.169874797247   0.0   0   0.013186813186813187   0   1.9890149696778254   
0.792697016737   0.1   0   0.03736263736263736   1   2.4026000656120807   
0.169736501964   0.0   0   0.008791208791208791   0   2.4026000656120807   
0.555078417586   0.2   0   0.03076923076923077   1   2.6435060935269385   
0.334187621349   0.3   0   0.015384615384615385   0   2.6435060935269385   
0.137126491156   0.1   0   0.004395604395604396   0   2.6435060935269385   
0.0853064448955   0.2   0   0.004395604395604396   0   2.6435060935269385   
0.0919653210902   0.0   0   0.006593406593406593   0   2.6435060935269385   
0.197813264309   0.0   0   0.017582417582417582   0   2.6435060935269385   
0.730138571134   0.3   0   0.03736263736263736   0   2.8502986414940663   
0.148255901292   0.0   0   0.01098901098901099   0   2.8502986414940663   
0.312660987003   0.3   0   0.017582417582417582   0   2.8502986414940663   
0.571121000092   0.2   0   0.046153846153846156   0   2.8502986414940663   
0.358046072751   0.3   0   0.01978021978021978   0   2.8502986414940663   
0.65489749151   0.5   0   0.03956043956043956   0   3.062757787893766   
0.322686118255   0.1   0   0.02857142857142857   0   3.062757787893766   
0.422747281021   0.1   0   0.04395604395604396   0   3.062757787893766   
0   0.0   0   0.0   0   3.062757787893766   
0   0.0   0   0.0   0   3.062757787893766   
0   0.0   0   0.0   0   3.062757787893766   
0.0550356236153   0.0   0   0.004395604395604396   0   3.062757787893766   
0.0565587877881   0.0   0   0.004395604395604396   0   3.062757787893766   
0.0774716683524   0.0   0   0.006593406593406593   0   3.062757787893766   
0.0498197621071   0.1   0   0.006593406593406593   0   3.062757787893766   
0.418508775848   0.4   0   0.02857142857142857   0   3.3127577878937657   
0.299300179336   0.3   0   0.017582417582417582   0   3.3127577878937657   
0.423456804328   0.1   1   0.02197802197802198   0   0   
