0.444256019569   0.3   1   0.03736263736263736   0   1.0   
0.334296776071   0.1   0   0.03076923076923077   2   1.0   
0.121523958978   0.1   0   0.013186813186813187   0   1.0   
0.0839627365336   0.0   0   0.01098901098901099   0   1.0   
0.0957442553748   0.0   0   0.013186813186813187   1   1.0   
0.44468337108   0.2   0   0.03956043956043956   0   1.9219544457292888   
0.122769589143   0.0   0   0.013186813186813187   0   1.9219544457292888   
0.257338561559   0.2   0   0.015384615384615385   0   2.233296926229709   
0.46819205299   0.5   0   0.03956043956043956   0   2.8569064906920327   
0.0783573712563   0.0   0   0.01098901098901099   0   2.8569064906920327   
0.297904109281   0.4   0   0.03296703296703297   0   2.8569064906920327   
0.288230778588   0.2   0   0.017582417582417582   0   2.5270807534600372   
0.540346158327   0.2   0   0.05274725274725275   1   2.8157558880548503   
0.334003049087   0.4   0   0.02197802197802198   0   3.098740524578645   
0.13115586102   0.2   0   0.017582417582417582   0   3.098740524578645   
0.0627388622972   0.1   0   0.006593406593406593   0   3.7073211440288296   
0.140186182987   0.0   0   0.01978021978021978   0   3.7073211440288296   
0.347647900413   0.4   0   0.02197802197802198   0   4.040654477362163   
0.404854696464   0.3   0   0.035164835164835165   0   4.304177615709528   
0.19747482538   0.2   0   0.006593406593406593   0   4.912758235159713   
0.0710011434326   0.0   0   0.008791208791208791   0   4.912758235159713   
0.379766386341   0.3   0   0.03736263736263736   0   4.912758235159713   
0.163694427919   0.2   0   0.015384615384615385   0   4.912758235159713   
0   0.0   0   0.0   0   4.912758235159713   
0   0.0   0   0.0   0   4.912758235159713   
0.0648159859022   0.0   0   0.006593406593406593   0   4.912758235159713   
0.301457781123   0.2   0   0.024175824175824177   0   5.205110908262056   
0.29200828944   0.3   0   0.026373626373626374   0   5.509401217987149   
0.275334956718   0.3   0   0.017582417582417582   0   5.882079214237113   
0.357953242832   0.2   0   0.026373626373626374   0   6.490659833687299   
0.696605805578   0.1   0   0.05714285714285714   1   7.032985978233939   
0.303124166647   0.1   0   0.035164835164835165   1   7.032985978233939   
0.32211723779   0.1   0   0.03736263736263736   0   7.032985978233939   
0.589019088142   0.3   0   0.03956043956043956   0   7.281437975733917   
0.652210606189   0.4   0   0.05274725274725275   3   7.496603717189885   
0.0240165323485   0.0   0   0.002197802197802198   0   7.496603717189885   
0.0636015506442   0.0   0   0.006593406593406593   0   7.496603717189885   
0.0412845112955   0.0   0   0.004395604395604396   0   7.496603717189885   
0   0.0   0   0.0   0   7.496603717189885   
0.00777783906692   0.0   0   0.002197802197802198   0   7.496603717189885   
0.479665269112   0.3   0   0.03736263736263736   0   7.738429133893223   
0.0349519435798   0.0   0   0.004395604395604396   0   7.738429133893223   
0   0.0   0   0.0   0   7.738429133893223   
0   0.0   0   0.0   0   7.738429133893223   
0.109175254162   0.1   0   0.015384615384615385   0   7.738429133893223   
0.309601388993   0.1   0   0.026373626373626374   0   7.738429133893223   
0.173958082965   0.0   0   0.01978021978021978   0   7.738429133893223   
0.0381520290684   0.1   0   0.004395604395604396   0   7.738429133893223   
0.0535260643538   0.1   0   0.006593406593406593   0   7.738429133893223   
0.0303465674779   0.0   0   0.004395604395604396   0   7.738429133893223   
0.485937470588   0.2   0   0.035164835164835165   0   8.001952272240587   
0.146703964003   0.0   0   0.017582417582417582   0   8.001952272240587   
0   0.0   0   0.0   0   8.001952272240587   
0   0.0   0   0.0   0   8.001952272240587   
0   0.0   0   0.0   0   8.001952272240587   
0.121883755771   0.1   0   0.013186813186813187   0   8.001952272240587   
0.301688846555   0.2   1   0.02197802197802198   0   0   
