0.471851101872   0.1   1   0.04395604395604396   0   1.0   
0.403487098665   0.1   0   0.03736263736263736   1   1.9219544457292883   
0.306917884874   0.1   0   0.05714285714285714   6   2.276583599850866   
0.379437988533   0.4   0   0.05054945054945055   1   2.5621037202109465   
0.0715301484006   0.0   0   0.01098901098901099   1   3.1744761559067407   
0.149760166475   0.1   0   0.01978021978021978   0   3.1744761559067407   
0.198738488118   0.1   0   0.026373626373626374   0   3.9650455709488357   
0.00880834967117   0.0   0   0.002197802197802198   0   3.9650455709488357   
0.149419493085   0.1   0   0.02197802197802198   0   4.831070974733275   
0.0299806739876   0.0   0   0.006593406593406593   0   5.6216403897753695   
0.883761231318   0.4   0   0.08351648351648351   1   6.044217517139628   
0.634913538826   0.3   0   0.041758241758241756   0   6.056955188267764   
0.176120181048   0.2   0   0.01978021978021978   0   6.056955188267764   
0.412752591412   0.3   0   0.03296703296703297   2   6.352759177422745   
0.415706803556   0.2   0   0.03956043956043956   0   6.892820902290066   
0.0362694852596   0.1   0   0.004395604395604396   0   6.892820902290066   
0.0150017900623   0.0   0   0.004395604395604396   0   6.892820902290066   
0.262206665305   0.1   0   0.02197802197802198   0   7.255105320944803   
0.0297201004346   0.0   0   0.008791208791208791   0   7.255105320944803   
0.0289310867701   0.0   0   0.008791208791208791   0   7.255105320944803   
0   0.0   0   0.0   0   7.255105320944803   
0   0.0   0   0.0   0   7.255105320944803   
0   0.0   0   0.0   0   7.255105320944803   
0   0.0   0   0.0   0   7.255105320944803   
0.427009260111   0.5   0   0.03736263736263736   0   7.532964786057907   
0.247811910692   0.3   0   0.03296703296703297   0   7.532964786057907   
0.600423237408   0.4   0   0.035164835164835165   0   7.802995648491568   
0.277034273513   0.6   0   0.024175824175824177   0   7.802995648491568   
0.0590905601837   0.1   0   0.013186813186813187   0   7.802995648491568   
0.392643999346   0.2   0   0.03296703296703297   0   8.098799637646549   
0.511689620344   0.1   0   0.03076923076923077   0   8.098799637646549   
0.3509609726   0.2   0   0.026373626373626374   0   8.098799637646549   
0.42004096724   0.1   0   0.041758241758241756   1   8.348799637646549   
0.295882233241   0.2   0   0.017582417582417582   0   8.348799637646549   
0.198758726239   0.1   0   0.006593406593406593   0   8.348799637646549   
0.376075381469   0.1   0   0.03296703296703297   1   8.626659102759653   
0.326678817543   0.3   0   0.026373626373626374   1   8.626659102759653   
0.14938077117   0.2   0   0.02197802197802198   0   8.626659102759653   
0.0197968085143   0.1   0   0.004395604395604396   0   8.626659102759653   
0.308057819785   0.3   0   0.05054945054945055   3   8.626659102759653   
0.376251005529   0.2   0   0.03296703296703297   0   8.626659102759653   
0.368151168676   0.2   0   0.03296703296703297   0   8.626659102759653   
0.239268954011   0.1   0   0.013186813186813187   0   9.094366276106395   
0.341883024428   0.3   0   0.02197802197802198   0   9.094366276106395   
0.0131471616894   0.0   0   0.002197802197802198   0   9.094366276106395   
0.193289859933   0.1   0   0.035164835164835165   0   9.094366276106395   
0.368649719962   0.2   0   0.03736263736263736   0   9.094366276106395   
0.120457758984   0.0   0   0.015384615384615385   0   9.527378977998614   
0.377247801885   0.3   0   0.03076923076923077   0   9.833565195846512   
0.191629435253   0.2   0   0.026373626373626374   1   9.833565195846512   
0.225684392115   0.3   0   0.026373626373626374   0   9.833565195846512   
0.14151152098   0.2   0   0.013186813186813187   0   9.833565195846512   
0.111068693678   0.0   0   0.02197802197802198   0   9.833565195846512   
0.377189224385   0.3   0   0.035164835164835165   0   9.833565195846512   
0.293912848266   0.2   0   0.02197802197802198   0   9.833565195846512   
0.235685762488   0.3   0   0.03076923076923077   0   10.139751413694409   
0.0705804790465   0.1   0   0.01098901098901099   0   10.139751413694409   
0.345181208026   0.3   0   0.02197802197802198   0   10.139751413694409   
0.186607402911   0.2   0   0.035164835164835165   0   10.139751413694409   
0.482365413956   0.4   0   0.046153846153846156   0   10.378634685170887   
0.0326111080813   0.0   0   0.004395604395604396   0   11.18872727247187   
0.186284020745   0.2   0   0.02857142857142857   0   11.18872727247187   
0.284475997283   0.2   0   0.01978021978021978   0   11.18872727247187   
0.0987597381804   0.1   0   0.013186813186813187   0   11.18872727247187   
0.306232315231   0.3   0   0.01978021978021978   0   11.18872727247187   
0.189428078293   0.1   0   0.035164835164835165   0   11.475138253406609   
0.263493228963   0.2   0   0.015384615384615385   0   11.908150955298828   
0.20456539697   0.4   0   0.024175824175824177   0   11.908150955298828   
0.0808384210842   0.1   0   0.008791208791208791   0   11.908150955298828   
0.278293917431   0.2   0   0.05274725274725275   0   12.142004541972199   
0.321256430875   0.2   0   0.035164835164835165   0   12.142004541972199   
0.288608459458   0.1   0   0.026373626373626374   0   12.142004541972199   
0.369569251568   0.1   0   0.03736263736263736   0   12.142004541972199   
0.0358440611453   0.0   0   0.008791208791208791   1   12.714826503841678   
0.264719777687   0.1   0   0.02197802197802198   2   12.714826503841678   
0.30472547402   0.0   1   0.05274725274725275   1   0   
