0.786541582328   0.4   1   0.06153846153846154   0   1.0   
0.702729851494   0.3   0   0.03296703296703297   0   1.8856148855400954   
0.838014230568   0.5   0   0.07912087912087912   2   2.5916421524031086   
0.334331902903   0.0   0   0.046153846153846156   0   2.888227659403978   
0.212604680799   0.1   0   0.024175824175824177   2   3.352887848046271   
0.114794427238   0.1   0   0.017582417582417582   0   3.897750215988855   
0.320056111573   0.2   0   0.026373626373626374   1   4.34262847649016   
0.496476246213   0.3   0   0.046153846153846156   1   5.304366686815052   
0.101774886791   0.0   0   0.017582417582417582   0   5.304366686815052   
0.552101862974   0.4   0   0.03956043956043956   3   5.910889295217308   
0.354948382871   0.3   0   0.03296703296703297   0   5.910889295217308   
0.20294620626   0.1   0   0.024175824175824177   0   6.303121565493677   
0.0306424868988   0.0   0   0.008791208791208791   0   6.303121565493677   
0.263447182299   0.2   0   0.035164835164835165   0   5.456980001603746   
0.361564221173   0.2   0   0.02197802197802198   0   4.451297190211427   
0.447566656687   0.3   0   0.035164835164835165   0   4.925638839236684   
0.249387010246   0.2   0   0.017582417582417582   0   5.372852434736642   
0.438000178071   0.3   0   0.03296703296703297   0   5.536151750922187   
0.298083518396   0.2   0   0.017582417582417582   0   5.983365346422145   
0.666229618251   0.7   0   0.041758241758241756   0   6.853936846554159   
0.220959373802   0.2   0   0.017582417582417582   0   6.853936846554159   
0.352487076858   0.2   0   0.04395604395604396   1   6.995358202791468   
0.227981328147   0.2   0   0.02857142857142857   0   6.995358202791468   
0.582643463515   0.4   0   0.03736263736263736   1   7.7623231916388375   
0.130887176301   0.1   0   0.013186813186813187   0   7.7623231916388375   
0.444985849182   0.3   0   0.02857142857142857   0   8.11314639936165   
0.174165225693   0.1   0   0.02197802197802198   0   8.11314639936165   
0.271374481251   0.2   0   0.017582417582417582   0   8.478294771031761   
0.412210634727   0.2   0   0.04395604395604396   0   8.619716127269069   
0.465735053928   0.4   0   0.02197802197802198   0   9.01971612726907   
0.670489270577   0.2   0   0.046153846153846156   0   9.01971612726907   
0.831563532961   0.5   0   0.06593406593406594   1   9.230534637946961   
0.261241522729   0.1   0   0.03956043956043956   0   9.67774823344692   
0.268685760248   0.2   0   0.041758241758241756   0   10.403224483556931   
0.217797482079   0.1   0   0.03076923076923077   0   10.552295682056918   
0.680854891498   0.5   0   0.05714285714285714   0   10.791341403923797   
0.761747471809   0.6   0   0.05054945054945055   5   11.143673535632619   
0.438687995511   0.3   0   0.035164835164835165   8   11.40187242537978   
0.0457614507945   0.1   0   0.008791208791208791   2   11.40187242537978   
0.446109486542   0.3   0   0.03076923076923077   2   11.739934127271187   
0.293019685239   0.3   0   0.01978021978021978   1   11.739934127271187   
0.750641852143   0.7   0   0.046153846153846156   2   11.739934127271187   
0.0907943565599   0.0   0   0.01978021978021978   0   11.739934127271187   
0.264952567622   0.1   0   0.02857142857142857   2   11.739934127271187   
0.156281424227   0.1   0   0.02197802197802198   0   11.939934127271188   
0.259546466377   0.2   0   0.01978021978021978   1   11.939934127271188   
0.497173736657   0.3   0   0.03956043956043956   0   12.505619552220427   
0.385875971136   0.3   0   0.035164835164835165   0   12.663733435228844   
0.2150037629   0.2   0   0.008791208791208791   0   12.663733435228844   
0.266958743478   0.3   0   0.01978021978021978   0   12.874551945906735   
0.400787798981   0.3   0   0.03736263736263736   0   13.02794494367621   
0.400830923742   0.3   0   0.02197802197802198   0   13.427944943676211   
0.325722852333   0.4   0   0.024175824175824177   0   14.190715015072685   
0.105152990605   0.1   0   0.02197802197802198   0   14.390715015072683   
0.472400369294   0.3   0   0.041758241758241756   0   14.942767462546566   
0.573715266809   0.4   0   0.035164835164835165   0   15.791295599970422   
0.0692690831586   0.0   0   0.008791208791208791   0   15.791295599970422   
0.278065996699   0.2   0   0.01978021978021978   0   15.791295599970422   
0.0956148646134   0.1   0   0.013186813186813187   0   16.307693379464745   
0.0553017223429   0.0   0   0.017582417582417582   0   16.531300177214725   
0.358647808605   0.2   0   0.03956043956043956   0   16.672721533452034   
0.305663734616   0.2   0   0.01978021978021978   0   17.094358554807815   
0.209209819107   0.1   0   0.017582417582417582   0   17.541572150307776   
0.50113270089   0.3   1   0.04395604395604396   0   0   
