0.672966946896   0.6   1   0.05054945054945055   0   1.0   
0.274580713032   0.0   0   0.054945054945054944   4   1.0   
0.261217279872   0.2   0   0.03736263736263736   0   1.0   
0.514226024763   0.2   0   0.03076923076923077   1   1.9380831519646862   
0.350640700447   0.2   0   0.05274725274725275   0   1.9380831519646862   
0.117733481229   0.1   0   0.024175824175824177   3   1.9380831519646862   
0.0992375137179   0.1   0   0.017582417582417582   0   1.9380831519646862   
0.066435222545   0.0   0   0.015384615384615385   0   1.9380831519646862   
0.283677676222   0.2   0   0.046153846153846156   0   1.9380831519646862   
0.245502828441   0.2   0   0.03296703296703297   0   1.9380831519646862   
0.165025168984   0.1   0   0.02857142857142857   0   1.9380831519646862   
0.206598375517   0.1   0   0.035164835164835165   0   1.9380831519646862   
0.23946853247   0.2   0   0.024175824175824177   0   1.9380831519646862   
0.658836670156   0.4   0   0.054945054945054944   4   2.809071492676072   
0.293928120724   0.2   0   0.024175824175824177   0   2.809071492676072   
0.384130677234   0.2   0   0.05054945054945055   0   2.809071492676072   
0.176781588025   0.1   0   0.03076923076923077   0   2.809071492676072   
0.0396180889069   0.0   0   0.004395604395604396   0   2.809071492676072   
0.36368780813   0.3   0   0.03076923076923077   0   2.809071492676072   
0.025169167961   0.0   0   0.006593406593406593   0   2.809071492676072   
0.0619798743968   0.1   0   0.017582417582417582   0   2.809071492676072   
0.426770059823   0.2   0   0.03736263736263736   0   2.809071492676072   
0.123110049855   0.1   0   0.006593406593406593   0   2.809071492676072   
0   0.0   0   0.0   0   2.809071492676072   
0   0.0   0   0.0   0   2.809071492676072   
0.366464882442   0.3   0   0.04835164835164835   0   2.809071492676072   
0.223359422781   0.2   0   0.03076923076923077   0   3.240863846351905   
0.19995848295   0.0   0   0.03296703296703297   0   3.240863846351905   
0.445979314237   0.4   0   0.03736263736263736   0   3.240863846351905   
0.0817443632322   0.1   0   0.008791208791208791   0   3.240863846351905   
0.198167699014   0.2   0   0.02197802197802198   0   3.240863846351905   
0.113076044603   0.1   0   0.01098901098901099   0   3.240863846351905   
0.56292896027   0.1   0   0.07912087912087912   2   3.240863846351905   
0.545014344032   0.3   0   0.08351648351648351   0   3.818214115541531   
0.533492711418   0.4   0   0.054945054945054944   2   4.5130224493211815   
0.160315314597   0.1   0   0.02197802197802198   0   4.5130224493211815   
0.291351111769   0.3   0   0.026373626373626374   2   4.5130224493211815   
0.389935164029   0.3   0   0.041758241758241756   0   4.5130224493211815   
0.437195463304   0.5   0   0.046153846153846156   4   5.2613539266759695   
0.40417698991   0.2   0   0.03956043956043956   0   5.2613539266759695   
0.51882901471   0.6   0   0.05934065934065934   1   5.9561622604556215   
0.223151853555   0.1   0   0.03956043956043956   2   5.9561622604556215   
0.289490039026   0.4   0   0.03076923076923077   1   6.891576607149108   
0.161601683153   0.1   0   0.02857142857142857   0   6.891576607149108   
0.408896265808   0.3   0   0.05054945054945055   0   6.891576607149108   
0.102422588237   0.0   0   0.02197802197802198   0   6.891576607149108   
0.354728923404   0.4   0   0.03296703296703297   0   7.857668390228404   
0.0317942674763   0.0   0   0.006593406593406593   0   7.857668390228404   
0.362192836069   0.4   0   0.035164835164835165   0   7.857668390228404   
0.145214887413   0.1   0   0.024175824175824177   0   7.857668390228404   
0.125465456298   0.1   1   0.017582417582417582   0   0   
