1.05754559954   0.6   1   0.06813186813186813   4   1.0   
0.769351635193   0.5   0   0.05714285714285714   0   1.8876253645985948   
0.970232749198   0.4   0   0.05054945054945055   2   2.6524782916375123   
1.00414180613   0.5   0   0.06813186813186813   3   3.5401036562361066   
0.752086558752   0.3   0   0.046153846153846156   7   3.9201621312691524   
0.693095626488   0.4   0   0.035164835164835165   0   4.876228290067799   
0.804547453285   0.6   0   0.05054945054945055   4   5.5862874786095675   
0.410649401204   0.2   0   0.024175824175824177   1   5.9477868813501775   
0.516268072554   0.3   0   0.02857142857142857   1   6.280317967230766   
0.794276221623   0.5   0   0.05054945054945055   6   5.701381068168979   
0.423604411203   0.4   0   0.035164835164835165   2   6.374526669060793   
1.18051807895   0.7   0   0.06153846153846154   3   7.357718749310967   
0.218206702905   0.1   0   0.024175824175824177   0   7.898948176568293   
0.698342471534   0.5   0   0.046153846153846156   1   8.460390418748508   
0.469976538912   0.1   0   0.03296703296703297   0   8.923871610184381   
0.769749734335   0.4   0   0.035164835164835165   0   8.954182511208549   
0.605550502041   0.4   0   0.04395604395604396   0   9.848609702208465   
0.328702472449   0.2   0   0.035164835164835165   1   10.448609702208465   
0.820592870464   0.4   0   0.04395604395604396   2   11.301412567630905   
0.671900982217   0.2   0   0.054945054945054944   2   12.225172998334306   
0.574218417734   0.2   0   0.03956043956043956   0   13.16798203991637   
0.856637992169   0.6   1   0.05274725274725275   2   0   
