0.0416304253293   0.0   1   0.002197802197802198   0   0   
0.496787661156   0.2   0   0.02857142857142857   0   1.0   
0.798866968322   0.2   0   0.054945054945054944   1   1.6933752452815365   
0.414720957642   0.0   0   0.03076923076923077   0   1.6933752452815365   
1.02220187014   0.5   0   0.05714285714285714   0   2.1836655831269964   
0.694093481039   0.1   0   0.04395604395604396   0   2.742682577501944   
0.220816698173   0.1   0   0.017582417582417582   0   2.742682577501944   
0.530901181637   0.0   0   0.03736263736263736   1   2.742682577501944   
0.509461602116   0.7   0   0.03076923076923077   0   2.742682577501944   
0.193984161878   0.1   0   0.015384615384615385   2   2.742682577501944   
0.680309220235   0.7   0   0.03296703296703297   0   3.3881798018698466   
0.212127410869   0.1   0   0.013186813186813187   0   3.3881798018698466   
0.247426215685   0.1   0   0.017582417582417582   0   3.3881798018698466   
0.271073037801   0.1   0   0.02197802197802198   0   3.3881798018698466   
0.181545102776   0.0   0   0.015384615384615385   0   4.333090984392915   
0.0416304253293   0.0   1   0.002197802197802198   0   4.333090984392915   
0.940543726894   0.3   0   0.06153846153846154   0   5.278002166915983   
0.176862720599   0.0   0   0.013186813186813187   0   5.278002166915983   
0.555811615124   0.3   0   0.03076923076923077   0   5.903002166915983   
0.305405550251   0.1   1   0.02197802197802198   0   0   
