0.255858254324   0.1   1   0.02857142857142857   0   0   
0.199236763159   0.1   0   0.01978021978021978   0   0   
0.170724198994   0.1   0   0.006593406593406593   0   0   
0.489945038169   0.4   0   0.05714285714285714   3   0   
0.576722453536   0.5   0   0.06593406593406594   1   1.0   
0.307289179257   0.2   0   0.026373626373626374   0   1.0   
0.38971265956   0.4   0   0.04395604395604396   3   1.8164965809277258   
0.480748184632   0.4   0   0.06813186813186813   0   2.4723224167116786   
0.190613487859   0.3   0   0.03076923076923077   0   2.960272453185945   
0.328165783175   0.3   0   0.017582417582417582   0   2.960272453185945   
0.00809063450866   0.0   0   0.004395604395604396   0   2.960272453185945   
0.438605924968   0.5   0   0.06153846153846154   1   3.305305232857122   
0.0733935770233   0.2   0   0.015384615384615385   0   3.995370792199476   
0.28305434941   0.2   0   0.02857142857142857   0   4.945112555172749   
0.186280373963   0.1   0   0.01098901098901099   0   4.945112555172749   
0.528404432511   0.3   0   0.07692307692307693   1   4.945112555172749   
0.249389573544   0.3   0   0.041758241758241756   0   5.358697651107004   
0.146677571171   0.2   0   0.024175824175824177   1   5.358697651107004   
0.402763287544   0.4   0   0.035164835164835165   0   6.260085469973002   
0.365465387963   0.2   0   0.03076923076923077   0   6.260085469973002   
0.294848510252   0.1   0   0.035164835164835165   0   6.260085469973002   
0.341648451574   0.5   0   0.024175824175824177   0   6.260085469973002   
0.0421792993528   0.0   0   0.013186813186813187   0   6.260085469973002   
0.0175162728701   0.0   0   0.006593406593406593   0   6.260085469973002   
0.269685141799   0.2   0   0.035164835164835165   1   6.260085469973002   
0.0936124619075   0.1   0   0.01978021978021978   2   6.260085469973002   
0.0276621741263   0.0   0   0.006593406593406593   0   6.260085469973002   
0.0941922427943   0.2   0   0.013186813186813187   0   6.260085469973002   
0.461175693644   0.5   0   0.05054945054945055   0   6.635990175751058   
0.0842520937854   0.0   0   0.026373626373626374   0   6.635990175751058   
0.127803648381   0.3   0   0.02857142857142857   0   6.635990175751058   
0.0715974401889   0.0   0   0.01978021978021978   0   6.635990175751058   
0.0054755052869   0.0   0   0.002197802197802198   0   6.635990175751058   
0.0907080126304   0.0   0   0.02197802197802198   0   6.635990175751058   
0.463621760146   0.3   0   0.054945054945054944   4   6.635990175751058   
0.283060867852   0.1   0   0.03736263736263736   2   6.635990175751058   
0.214658611637   0.2   0   0.03076923076923077   2   6.635990175751058   
0.247451679873   0.1   0   0.01978021978021978   2   6.635990175751058   
0.248702184462   0.3   0   0.013186813186813187   0   6.635990175751058   
0.229093870874   0.3   0   0.046153846153846156   3   7.422785968220501   
0.178847848295   0.2   0   0.03076923076923077   2   7.422785968220501   
0.477591868855   0.1   0   0.08571428571428572   12   7.422785968220501   
0.281029187076   0.1   0   0.06153846153846154   7   7.422785968220501   
0.309213763534   0.2   0   0.02857142857142857   2   7.422785968220501   
0.075757652743   0.1   0   0.015384615384615385   0   7.422785968220501   
0.260398464005   0.2   0   0.024175824175824177   2   7.422785968220501   
0.160640696424   0.2   0   0.035164835164835165   4   7.422785968220501   
0.230458329481   0.2   0   0.035164835164835165   2   7.422785968220501   
0.25923351789   0.2   0   0.03076923076923077   0   7.8734798776535   
0.13195118837   0.2   0   0.017582417582417582   0   7.8734798776535   
0.0641792327476   0.1   0   0.015384615384615385   0   7.8734798776535   
0.353219846056   0.1   0   0.04395604395604396   0   7.8734798776535   
0.127396153574   0.1   0   0.026373626373626374   3   7.8734798776535   
0.233027980379   0.2   0   0.017582417582417582   0   8.510857316852599   
0.196642372874   0.2   0   0.03736263736263736   0   8.948094632950202   
0.322051417884   0.3   0   0.03296703296703297   1   8.948094632950202   
0.45156129311   0.6   0   0.041758241758241756   2   8.948094632950202   
0.182810463173   0.1   0   0.03076923076923077   0   8.948094632950202   
0.20323550735   0.2   0   0.01098901098901099   0   9.754320407780057   
0.181761287048   0.1   0   0.03076923076923077   0   9.754320407780057   
0.509192517124   0.5   0   0.05274725274725275   2   10.10787379837333   
0.136050106877   0.1   0   0.024175824175824177   0   10.10787379837333   
0.321309573936   0.2   0   0.041758241758241756   0   10.50127169460805   
0.197954768676   0.2   0   0.01978021978021978   2   10.50127169460805   
0.093101932328   0.1   0   0.02197802197802198   0   11.07135940715762   
0.125350877056   0.2   0   0.013186813186813187   0   8.52150759609118   
0.264279837144   0.3   0   0.017582417582417582   0   9.387532999875619   
0.0435503265067   0.0   0   0.01978021978021978   0   9.387532999875619   
0.594068179656   0.1   0   0.05274725274725275   6   9.387532999875619   
0.111173929487   0.0   0   0.03076923076923077   1   9.387532999875619   
0.231825949524   0.2   0   0.03956043956043956   0   9.648649483809168   
0.15534751106   0.1   0   0.02857142857142857   0   9.648649483809168   
0.125888953442   0.2   0   0.017582417582417582   0   10.081662185701386   
0.385044461773   0.4   0   0.03956043956043956   0   10.081662185701386   
0.373891566145   0.5   0   0.03956043956043956   0   10.903246021959136   
0.259230130219   0.1   0   0.02197802197802198   0   10.903246021959136   
0.0978170411894   0.1   0   0.01098901098901099   0   10.903246021959136   
0.385969134879   0.1   0   0.035164835164835165   2   10.903246021959136   
0.464552637059   0.3   0   0.03956043956043956   4   10.903246021959136   
0.279502830918   0.2   0   0.04835164835164835   2   11.164362505892683   
0.204773796658   0.2   0   0.03076923076923077   0   11.491689341246671   
0.0546707633076   0.0   0   0.008791208791208791   0   11.491689341246671   
0.210294694118   0.3   0   0.041758241758241756   0   12.05364082819569   
0.191586167247   0.0   0   0.035164835164835165   0   12.05364082819569   
0.244094343054   0.2   0   0.01978021978021978   0   12.05364082819569   
0.0482637958006   0.0   0   0.015384615384615385   0   12.05364082819569   
0   0.0   0   0.0   0   12.05364082819569   
0   0.0   0   0.0   0   12.05364082819569   
0.046503797602   0.0   0   0.013186813186813187   0   12.05364082819569   
0.0871519353735   0.1   0   0.017582417582417582   0   12.05364082819569   
0.101300553898   0.1   0   0.02197802197802198   0   12.44093916281643   
0.0959615177925   0.1   0   0.02197802197802198   0   12.828237497437174   
0.33632410056   0.3   0   0.035164835164835165   0   13.405587766626798   
0.216035793495   0.3   0   0.03296703296703297   1   13.721815532643637   
0.184230468201   0.3   0   0.026373626373626374   0   14.075368923236912   
0.376389337737   0.4   0   0.05274725274725275   1   14.075368923236912   
0.320685672083   0.2   0   0.04395604395604396   0   14.349230201989494   
0.25832755406   0.1   0   0.02857142857142857   0   14.349230201989494   
0.127765895578   0.1   0   0.01978021978021978   0   14.757478492453359   
0.0804490661747   0.2   1   0.013186813186813187   0   0   
