0.7212357482   0.6   1   0.05714285714285714   1   1.0   
0.447052435429   0.2   0   0.024175824175824177   2   1.7687061147858074   
0.389525049106   0.5   0   0.046153846153846156   0   2.1396052082952655   
0.10290192088   0.1   0   0.017582417582417582   0   2.1396052082952655   
0.279759266422   0.2   0   0.054945054945054944   0   2.3031563354494846   
0.633085797547   0.4   0   0.06373626373626373   0   2.7610618053391103   
0.0805706787657   0.0   0   0.015384615384615385   0   3.082269842558921   
0.444827061403   0.3   0   0.024175824175824177   0   4.007264203385873   
0.660211337531   0.2   0   0.01978021978021978   1   3.2898652590776414   
0.06393642221   0.1   0   0.013186813186813187   0   3.4832947449023073   
0.617775195948   0.3   0   0.03956043956043956   1   4.153354139162797   
0.375003559001   0.3   0   0.02197802197802198   0   4.96006779158006   
0.323265761434   0.2   0   0.015384615384615385   0   5.4723086241519425   
0.40072675495   0.4   0   0.03296703296703297   0   6.055520467671746   
0.126357199603   0.0   0   0.02197802197802198   0   6.055520467671746   
0.402662601669   0.4   0   0.035164835164835165   0   6.374958750171717   
0.761495027595   0.5   0   0.05054945054945055   1   6.736361911333818   
0.398277293272   0.2   0   0.05054945054945055   0   6.826712701624343   
0.459052573025   0.4   0   0.026373626373626374   0   7.348353232581644   
0.0466734260586   0.1   0   0.008791208791208791   0   7.348353232581644   
0.347898557741   0.2   0   0.035164835164835165   0   7.574230208307958   
0.291089945427   0.1   0   0.017582417582417582   1   7.8936684908079275   
0.112350763026   0.1   0   0.01978021978021978   2   7.8936684908079275   
0.676533439126   0.4   0   0.03956043956043956   0   8.600775271994475   
0.0498821032902   0.1   0   0.01098901098901099   0   8.600775271994475   
0.321171070104   0.3   0   0.01978021978021978   0   8.901944572962892   
0.125433783279   0.1   0   0.02197802197802198   1   9.044801715820036   
0.341119525885   0.2   0   0.03956043956043956   0   9.257760570820015   
0.250634773385   0.1   0   0.01098901098901099   0   9.863852097551343   
0.542361426972   0.6   0   0.03296703296703297   0   10.330421572367186   
0.0454452532495   0.2   0   0.006593406593406593   0   10.591241837845837   
0.296641752677   0.2   0   0.04395604395604396   0   10.591241837845837   
0.0613749785339   0.2   0   0.01098901098901099   0   10.79327234675628   
0.0557742890448   0.0   0   0.013186813186813187   0   10.79327234675628   
0.501442969106   0.4   0   0.03076923076923077   0   11.245026298208906   
0.174364342201   0.0   0   0.03736263736263736   0   11.245026298208906   
0.211373429353   0.2   0   0.015384615384615385   0   11.586520186590162   
0.865262379688   0.3   0   0.03736263736263736   0   12.24590065998595   
0.310274379674   0.2   0   0.01978021978021978   0   12.61748142571443   
0.44310084538   0.2   0   0.024175824175824177   0   13.005138868742984   
0.295729779846   0.2   0   0.01978021978021978   0   13.392796311771535   
0.0642849595963   0.1   0   0.008791208791208791   0   13.607082026057249   
0.516051263029   0.3   0   0.026373626373626374   0   13.978235770536294   
0.0557089588015   0.1   0   0.01098901098901099   0   14.169898740036276   
0.0446719632165   0.0   0   0.01098901098901099   0   14.169898740036276   
0.509653262836   0.2   0   0.046153846153846156   1   14.527352021276975   
0.07076825134   0.0   0   0.017582417582417582   0   14.527352021276975   
0.0769801467488   0.1   0   0.01978021978021978   0   14.527352021276975   
0.2746786407   0.1   0   0.017582417582417582   0   14.830397784642638   
0.579424571346   0.5   0   0.04395604395604396   0   15.117892238892612   
0.308294428705   0.2   0   0.02857142857142857   3   15.35562089441771   
0.285199500859   0.2   0   0.02197802197802198   0   15.626673265289286   
0.257966499669   0.3   0   0.01978021978021978   0   16.198101836717857   
0.245502016548   0.2   0   0.013186813186813187   0   16.548028942829742   
0.182860699771   0.2   0   0.03076923076923077   0   16.6551717999726   
0.34364209118   0.3   0   0.02857142857142857   0   16.892900455497696   
0.385124504935   0.2   0   0.024175824175824177   0   17.249493438785343   
0.548732399389   0.3   0   0.03956043956043956   0   17.653554456606226   
0.144264921054   0.2   0   0.02857142857142857   0   17.653554456606226   
0.44533706954   0.2   0   0.026373626373626374   0   18.02470820108527   
0.543116112749   0.3   0   0.041758241758241756   0   18.31967128749028   
0.413144924147   0.4   0   0.03296703296703297   0   18.651641288593773   
0.166220650821   0.0   0   0.02857142857142857   0   18.651641288593773   
0.283274138432   0.1   0   0.017582417582417582   0   19.10620993364227   
0.502257951923   0.2   0   0.015384615384615385   0   19.82049564792798   
0.312847920279   0.2   0   0.035164835164835165   1   20.141924219356554   
0.179174091062   0.1   0   0.02197802197802198   0   20.27745040479234   
0.857071774681   0.4   1   0.05274725274725275   2   0   
