0.1395587595   0.0   1   0.02197802197802198   0   0   
0.781058319471   0.4   0   0.05054945054945055   0   0   
0.141978541364   0.0   0   0.01978021978021978   0   0   
0.154572385759   0.1   0   0.02197802197802198   0   0   
0.765804585903   0.6   0   0.04835164835164835   0   0   
0.5125159132   0.4   0   0.024175824175824177   0   0   
0.310588642002   0.2   0   0.03076923076923077   0   0   
0.503484468305   0.3   0   0.03076923076923077   0   0   
0.555627820548   0.4   0   0.02857142857142857   0   0   
0.385774172089   0.2   0   0.01978021978021978   0   0   
0.113853242654   0.0   0   0.017582417582417582   0   0   
0.113489179691   0.0   0   0.015384615384615385   0   0   
0.601599453706   0.4   0   0.035164835164835165   0   0   
0.202366087713   0.2   0   0.013186813186813187   0   0   
0.500353504515   0.4   0   0.024175824175824177   0   0   
0.366763538933   0.3   0   0.017582417582417582   0   0   
0.471555155497   0.3   0   0.01978021978021978   0   0   
1.37790637133   0.6   0   0.07692307692307693   1   0   
0.477542974851   0.5   0   0.041758241758241756   0   0   
0.583188027611   0.3   0   0.03956043956043956   0   0   
0.792364383421   0.6   0   0.05274725274725275   0   0   
0.906101282882   0.5   0   0.06593406593406594   0   0   
0.511966228148   0.5   0   0.02197802197802198   0   0   
0.0723923296445   0.0   0   0.01098901098901099   0   0   
0.336036126198   0.2   0   0.017582417582417582   0   0   
0.0418594396568   0.0   0   0.006593406593406593   0   0   
0.957414886768   0.5   0   0.04835164835164835   0   0   
0.21260164466   0.1   0   0.024175824175824177   0   0   
0.663354896011   0.5   0   0.02857142857142857   0   0   
0.0522420286803   0.1   0   0.008791208791208791   0   0   
0.0950928896712   0.0   0   0.01098901098901099   0   0   
0.11744833023   0.1   0   0.008791208791208791   0   0   
0.0337224845471   0.0   0   0.004395604395604396   0   0   
0.458883928523   0.3   0   0.02197802197802198   0   0   
0.517900539263   0.3   0   0.026373626373626374   0   0   
0.331388768362   0.2   0   0.035164835164835165   0   0   
0.554882386559   0.3   0   0.03296703296703297   0   0   
0.186584541127   0.2   0   0.01978021978021978   0   0   
0.459639026834   0.5   0   0.01978021978021978   0   0   
0.611343658485   0.4   0   0.046153846153846156   3   0   
0.075269423726   0.0   0   0.013186813186813187   0   0   
0.14594004344   0.2   0   0.013186813186813187   0   0   
0.112672545535   0.1   0   0.013186813186813187   0   0   
0.383211320285   0.1   0   0.02197802197802198   0   0   
0.0794292589566   0.0   0   0.013186813186813187   0   0   
0.251934198196   0.1   0   0.004395604395604396   0   0   
0.0838236000717   0.0   0   0.008791208791208791   0   0   
0.0167140058772   0.0   1   0.004395604395604396   0   0   
