0.569892434811   0.7   1   0.03956043956043956   0   0   
0.251282007639   0.1   0   0.02857142857142857   0   0   
0.383690690726   0.2   0   0.04395604395604396   0   0   
0.476492699247   0.2   0   0.05054945054945055   0   0   
0.400997339364   0.4   0   0.03076923076923077   0   0   
0.124977321827   0.0   0   0.017582417582417582   0   0   
0.606339644613   0.3   0   0.05934065934065934   2   0   
0.59540924759   0.4   0   0.05274725274725275   1   0   
0.641224774631   0.7   0   0.041758241758241756   0   0   
0.46393692538   0.4   0   0.035164835164835165   1   0   
0.164238176339   0.1   0   0.02857142857142857   1   1.0   
0.214386383062   0.2   0   0.02857142857142857   0   1.5   
0.273905511133   0.2   0   0.024175824175824177   0   1.5   
0.328485436027   0.4   0   0.026373626373626374   0   1.5   
0.141046742336   0.1   0   0.015384615384615385   0   1.5   
0   0.0   0   0.0   0   1.5   
0   0.0   0   0.0   0   1.5   
0   0.0   0   0.0   0   1.5   
0.391507205212   0.2   0   0.05934065934065934   1   1.5   
0.197566770955   0.3   0   0.015384615384615385   0   1.5   
0.0212067271828   0.0   0   0.004395604395604396   0   1.5   
0.275130892914   0.2   0   0.03076923076923077   1   1.9818120558297159   
0.892429893784   0.7   0   0.08791208791208792   2   1.9818120558297159   
0.710261818214   0.4   0   0.06373626373626373   1   2.3056001187310824   
0.0122973902106   0.1   0   0.002197802197802198   0   2.3056001187310824   
0.44041008385   0.4   0   0.05274725274725275   0   2.6591535093243563   
0.326641076387   0.1   0   0.03736263736263736   0   2.6591535093243563   
0.525952455455   0.4   0   0.05934065934065934   2   2.982941572225723   
0.085696668653   0.1   0   0.015384615384615385   0   2.982941572225723   
0.502029469623   0.5   0   0.035164835164835165   0   3.433635481658722   
0.240284134374   0.1   0   0.02857142857142857   2   3.433635481658722   
0.342237026654   0.3   0   0.026373626373626374   0   3.433635481658722   
0.544993366829   0.4   0   0.054945054945054944   0   3.433635481658722   
0.268486872663   0.2   0   0.026373626373626374   0   4.298930263105914   
0.28009263843   0.2   0   0.03956043956043956   0   5.115426844033641   
0.120456181134   0.0   0   0.015384615384615385   0   5.115426844033641   
0.45461023719   0.2   0   0.05274725274725275   0   5.115426844033641   
0.405380032428   0.3   0   0.03956043956043956   0   5.115426844033641   
0.2161264534   0.1   0   0.026373626373626374   0   5.115426844033641   
0.24132499097   0.2   0   0.01978021978021978   0   5.115426844033641   
0.31164258527   0.3   0   0.03076923076923077   0   5.578336893919916   
0.161421122358   0.0   1   0.026373626373626374   0   0   
