0.0526945014515   0.0   1   0.002728512960436562   0   0   
0.332394765782   0.3   0   0.005457025920873124   0   1.0   
0.384279093591   0.1   0   0.008640291041382447   7   1.5527707983925667   
0.223645922043   0.0   0   0.009549795361527967   5   2.3187124845976372   
0.13580915962   0.1   0   0.0031832651205093224   2   3.2837083038719648   
0.348776982506   0.2   0   0.008640291041382447   0   4.015871112383597   
0.133828910496   0.0   0   0.005911778080945885   1   4.192899447231529   
0.313912246845   0.1   0   0.015461573442473852   4   4.389878393993288   
0.172740906518   0.0   0   0.0068212824010914054   0   4.389878393993288   
0.0612874026525   0.0   0   0.0018190086402910413   0   4.389878393993288   
0.401328647152   0.3   0   0.0068212824010914054   0   4.884291626466332   
0.469238426211   0.1   0   0.01273306048203729   7   5.628957154721261   
0.336010994352   0.1   0   0.010459299681673489   0   5.884271050122951   
0.0391560975839   0.0   0   0.002273760800363802   0   5.884271050122951   
0.269797900812   0.2   0   0.004092769440654843   0   6.309794209125768   
0.0653698339246   0.0   0   0.0031832651205093224   1   7.033541073581514   
0.0330050793115   0.0   0   0.0018190086402910413   0   7.033541073581514   
0.0554371241161   0.0   0   0.002273760800363802   1   7.889889912159189   
0.0078109891684   0.0   0   0.00045475216007276033   1   7.1805409374573035   
0.293962034678   0.2   0   0.008185538881309686   0   7.41624319785282   
0.161016590717   0.0   0   0.010004547521600727   4   7.612359332991003   
0.0868577235734   0.0   0   0.004092769440654843   0   7.77902599965767   
0.336398501836   0.2   0   0.0068212824010914054   0   8.008441733528231   
0.0897814211288   0.0   0   0.005457025920873124   0   8.008441733528231   
0.103345935751   0.0   0   0.0068212824010914054   1   8.137541178401813   
0.359784075489   0.2   0   0.010459299681673489   6   8.837541178401812   
0.189399232628   0.0   0   0.007730786721236926   0   8.837541178401812   
0.388814463335   0.2   0   0.01182355616189177   0   9.033657313539997   
0.013249642928   0.0   0   0.0009095043201455207   0   9.033657313539997   
0.142547811336   0.0   0   0.005911778080945885   0   9.033657313539997   
0.988408477214   0.3   0   0.020009095043201454   8   9.895297750395326   
0.164841061736   0.0   0   0.01227830832196453   0   9.895297750395326   
0.450784501776   0.3   0   0.010914051841746248   1   10.189471953102602   
0.134140624082   0.0   0   0.004547521600727604   0   10.189471953102602   
0.233876989548   0.2   0   0.005911778080945885   0   10.466822051215216   
0.410053076127   0.2   0   0.01182355616189177   0   10.65580428771983   
0.167792323582   0.0   0   0.007730786721236926   1   10.65580428771983   
0.540715576904   0.2   0   0.01227830832196453   0   10.993865989611237   
0.247191294771   0.2   0   0.0031832651205093224   0   11.371830462620464   
0.384479702911   0.2   0   0.011368804001819008   2   11.928916477151619   
0.319034087996   0.1   0   0.010914051841746248   2   12.321148747427987   
0.169398519852   0.1   0   0.004092769440654843   0   12.487815414094655   
0.129989786752   0.0   0   0.006366530241018645   1   12.487815414094655   
0.152214694293   0.0   0   0.0068212824010914054   0   12.487815414094655   
0.0912243440089   0.0   0   0.004092769440654843   0   12.487815414094655   
0.419323301124   0.3   0   0.0068212824010914054   0   13.133312638462558   
0.0592632289521   0.0   0   0.002728512960436562   0   13.133312638462558   
0.163245531196   0.0   0   0.008185538881309686   2   13.133312638462558   
0.328723211315   0.2   0   0.009095043201455207   0   13.356919436212538   
0.10962011764   0.1   0   0.0031832651205093224   0   13.545901672717152   
0.466041329778   0.2   0   0.009095043201455207   1   13.923866145726379   
0.127018321104   0.0   0   0.007730786721236926   1   13.923866145726379   
0.0225003928882   0.0   0   0.002273760800363802   0   14.147472943476359   
0.0550888053737   0.0   0   0.004092769440654843   2   14.480806276809691   
0.309740522233   0.2   0   0.009549795361527967   3   14.699024167045684   
0.189948918366   0.1   0   0.0036380172805820826   0   15.229354252935595   
0.313839286905   0.3   0   0.005457025920873124   2   16.095379656720034   
0.898987001084   0.1   0   0.031832651205093224   17   13.020483212559926   
0.163007255457   0.1   0   0.0031832651205093224   0   13.443894995908687   
0.373749067984   0.3   0   0.008640291041382447   4   13.645096449115622   
0.12172062701   0.0   0   0.0031832651205093224   0   13.645096449115622   
0.0969461383814   0.1   0   0.0031832651205093224   1   13.786233710231876   
0.188386455588   0.1   0   0.005911778080945885   0   13.99336658124636   
0.223527796865   0.2   0   0.004547521600727604   0   14.229534390507304   
0.246513543293   0.2   0   0.006366530241018645   1   14.429132619334103   
59.1415786906   1.0   1   0.16552978626648476   36   0   
