0.164147191603   0.1   1   0.006366530241018645   0   0   
0.00167636227352   0.0   0   0.00045475216007276033   0   0   
0.12336776182   0.2   0   0.001364256480218281   0   0   
0.188811625719   0.2   0   0.010004547521600727   1   0   
0.193262790622   0.2   0   0.005911778080945885   0   0   
0.154401296379   0.1   0   0.0068212824010914054   0   0   
0.335201695983   0.6   0   0.011368804001819008   0   0   
0.149274260422   0.1   0   0.010004547521600727   0   0   
0.079629150236   0.1   0   0.002728512960436562   0   0   
0.0290632720246   0.0   0   0.0031832651205093224   0   0   
0.262974804627   0.3   0   0.005911778080945885   0   0   
0.349134902766   0.3   0   0.01182355616189177   0   0   
0.128014375208   0.2   0   0.0068212824010914054   0   0   
0.19609440321   0.2   0   0.0068212824010914054   0   0   
0.162361478497   0.1   0   0.007276034561164165   0   0   
0.43277048225   0.3   0   0.010914051841746248   1   0   
0.206389796762   0.2   0   0.005911778080945885   0   0   
0.183318014342   0.4   0   0.010004547521600727   0   0   
0.569995580394   0.2   0   0.019099590723055934   1   0   
0.252207321646   0.2   0   0.005457025920873124   0   0   
0.183970141399   0.2   0   0.007276034561164165   3   0   
0.272667448656   0.4   0   0.006366530241018645   1   0   
0.316293229116   0.5   0   0.008185538881309686   0   0   
0.190424857086   0.1   0   0.007730786721236926   0   1.0   
0.140464177441   0.1   0   0.0031832651205093224   0   1.760885910252682   
0.12774893221   0.2   0   0.0050022737608003635   0   1.760885910252682   
0.122233266175   0.1   0   0.004547521600727604   0   1.760885910252682   
0.23312789799   0.2   0   0.009095043201455207   0   1.760885910252682   
0.00824394971611   0.0   0   0.00045475216007276033   0   1.760885910252682   
0.00575766801456   0.0   0   0.0009095043201455207   0   1.760885910252682   
0.289940690487   0.2   0   0.008640291041382447   0   1.760885910252682   
0.2127136751   0.2   0   0.004092769440654843   0   1.760885910252682   
0.187628249327   0.1   0   0.006366530241018645   0   1.760885910252682   
0.45638044273   0.3   0   0.011368804001819008   3   1.760885910252682   
0.258866144398   0.2   0   0.005911778080945885   0   1.760885910252682   
0.342250698041   0.2   0   0.01318781264211005   5   1.760885910252682   
0.288640414786   0.2   0   0.008185538881309686   0   1.760885910252682   
0.289716265573   0.2   0   0.0068212824010914054   0   1.760885910252682   
0.180647093557   0.1   0   0.0068212824010914054   0   1.760885910252682   
0.327578731262   0.2   0   0.009095043201455207   2   1.760885910252682   
0.116661178438   0.2   0   0.0050022737608003635   0   1.760885910252682   
0.383207698357   0.6   0   0.01182355616189177   0   1.760885910252682   
0.256977417362   0.1   0   0.01273306048203729   2   1.760885910252682   
0.0826995540858   0.1   0   0.002728512960436562   0   1.760885910252682   
0.279974754525   0.2   0   0.010459299681673489   1   1.760885910252682   
0.0509353351581   0.1   0   0.004092769440654843   1   1.760885910252682   
0   0.0   0   0.0   0   1.760885910252682   
0   0.0   0   0.0   0   1.760885910252682   
0.011269680274   0.0   0   0.001364256480218281   0   1.760885910252682   
0   0.0   0   0.0   0   1.760885910252682   
0   0.0   0   0.0   0   1.760885910252682   
0.181259127693   0.3   0   0.0050022737608003635   0   1.760885910252682   
0.033896601227   0.0   0   0.001364256480218281   0   1.760885910252682   
0.108928634972   0.1   0   0.008185538881309686   0   2.5426218702232535   
0   0.0   0   0.0   0   2.5426218702232535   
0   0.0   0   0.0   0   2.5426218702232535   
0   0.0   0   0.0   0   2.5426218702232535   
0.00824394971611   0.0   0   0.00045475216007276033   0   2.5426218702232535   
0.00575766801456   0.0   0   0.0009095043201455207   0   2.5426218702232535   
0.282879181772   0.2   0   0.006366530241018645   0   2.5426218702232535   
0.244140342544   0.5   0   0.010914051841746248   3   2.5426218702232535   
0.26938416362   0.4   0   0.009095043201455207   0   2.5426218702232535   
0.171037922198   0.1   0   0.007276034561164165   0   2.5426218702232535   
0.030124910727   0.1   0   0.0031832651205093224   0   2.5426218702232535   
0.329140157772   0.2   0   0.01227830832196453   1   2.5426218702232535   
0.13539128243   0.4   0   0.0068212824010914054   0   2.5426218702232535   
0.143460573563   0.2   0   0.005457025920873124   0   2.5426218702232535   
0.0715417264405   0.1   0   0.004092769440654843   0   2.5426218702232535   
0.114275784934   0.2   0   0.005911778080945885   0   2.5426218702232535   
0.0336889747954   0.0   0   0.0031832651205093224   0   2.5426218702232535   
0   0.0   0   0.0   0   2.5426218702232535   
0   0.0   0   0.0   0   2.5426218702232535   
0   0.0   0   0.0   0   2.5426218702232535   
0.0129394769957   0.0   0   0.0009095043201455207   0   2.5426218702232535   
0.0201816138285   0.0   0   0.002273760800363802   0   2.5426218702232535   
0   0.0   0   0.0   0   2.5426218702232535   
0   0.0   0   0.0   0   2.5426218702232535   
0   0.0   0   0.0   0   2.5426218702232535   
0.0136356057798   0.0   0   0.0018190086402910413   0   2.5426218702232535   
0   0.0   0   0.0   0   2.5426218702232535   
0   0.0   0   0.0   0   2.5426218702232535   
0.0663629764406   0.1   0   0.0031832651205093224   0   2.5426218702232535   
0.0236895216293   0.0   0   0.002728512960436562   0   2.5426218702232535   
0.097111276384   0.2   0   0.004092769440654843   0   2.5426218702232535   
0.538719914109   0.5   0   0.01318781264211005   0   2.5426218702232535   
0.106072395938   0.1   0   0.010914051841746248   0   2.5426218702232535   
0.194524488687   0.2   0   0.005457025920873124   0   2.5426218702232535   
0.232063297754   0.2   0   0.008185538881309686   0   2.5426218702232535   
0.00252949479459   0.0   0   0.00045475216007276033   0   2.5426218702232535   
0.0301852558895   0.0   0   0.0031832651205093224   0   2.5426218702232535   
0.153798558843   0.1   0   0.0050022737608003635   0   2.5426218702232535   
0.357811645604   0.5   0   0.008640291041382447   0   2.5426218702232535   
0.137667277185   0.2   0   0.002728512960436562   0   2.5426218702232535   
0.0234323890113   0.1   0   0.0018190086402910413   0   2.5426218702232535   
0   0.0   0   0.0   0   2.5426218702232535   
0   0.0   0   0.0   0   2.5426218702232535   
0   0.0   0   0.0   0   2.5426218702232535   
0.0255422775571   0.0   0   0.0018190086402910413   0   2.5332586776876824   
0   0.0   0   0.0   0   2.5332586776876824   
0   0.0   0   0.0   0   2.5332586776876824   
0   0.0   0   0.0   0   2.5332586776876824   
0.00884595222837   0.0   0   0.001364256480218281   0   2.5332586776876824   
0.123604744481   0.1   0   0.002728512960436562   0   2.5332586776876824   
0.189143488453   0.3   0   0.005911778080945885   0   2.5332586776876824   
0.256942990553   0.3   0   0.01273306048203729   1   2.5332586776876824   
0.228196087472   0.5   0   0.006366530241018645   0   2.5332586776876824   
0.0317348608214   0.0   0   0.004547521600727604   2   2.5332586776876824   
0.219240309663   0.1   0   0.009549795361527967   0   2.5332586776876824   
0.181479611465   0.2   0   0.0036380172805820826   0   2.5332586776876824   
0.158161664156   0.2   0   0.007276034561164165   0   2.5332586776876824   
0.291727129312   0.1   0   0.006366530241018645   0   2.5332586776876824   
0.0328695787315   0.0   0   0.0031832651205093224   0   2.5332586776876824   
0.453845331173   0.5   0   0.010459299681673489   0   2.5332586776876824   
0.241797943547   0.2   0   0.011368804001819008   0   2.5332586776876824   
0.176802590707   0.1   0   0.007730786721236926   0   2.5332586776876824   
0.0624669238393   0.0   0   0.005911778080945885   0   2.5332586776876824   
0.0621349549178   0.1   0   0.004547521600727604   0   2.5332586776876824   
0.307884137247   0.4   0   0.007730786721236926   0   2.5332586776876824   
0.136353885468   0.1   0   0.005911778080945885   0   2.5332586776876824   
0.0376270845752   0.0   0   0.004547521600727604   0   2.5332586776876824   
0.0870886798711   0.1   0   0.006366530241018645   0   2.5332586776876824   
0.163234050973   0.3   0   0.004092769440654843   0   2.5332586776876824   
0.271926260715   0.2   0   0.017280582082764895   5   2.5332586776876824   
0.0855368095778   0.0   0   0.008185538881309686   0   2.5332586776876824   
0.104175806184   0.1   0   0.005457025920873124   0   2.5332586776876824   
0.079968466661   0.1   0   0.009095043201455207   2   2.5332586776876824   
0.149993535906   0.3   0   0.008185538881309686   2   2.5332586776876824   
0.0740403102802   0.2   0   0.0036380172805820826   0   2.5332586776876824   
0.157564608363   0.1   0   0.004092769440654843   0   2.5332586776876824   
0.172202287775   0.1   0   0.007276034561164165   0   2.5332586776876824   
0.194866189683   0.2   0   0.007276034561164165   0   2.5332586776876824   
0.180516618326   0.3   0   0.010004547521600727   0   2.5332586776876824   
0.339431487289   0.3   0   0.010914051841746248   0   2.5332586776876824   
0.205511434621   0.2   0   0.0068212824010914054   0   2.5332586776876824   
0.0351156986735   0.2   0   0.0031832651205093224   0   2.5332586776876824   
0.164804140112   0.4   0   0.009095043201455207   0   2.5332586776876824   
0.0333151551998   0.0   0   0.002273760800363802   0   2.5332586776876824   
0.155996136993   0.1   0   0.004547521600727604   0   2.5332586776876824   
0.214596439694   0.2   0   0.009549795361527967   0   2.5332586776876824   
0.0293392026153   0.1   0   0.0018190086402910413   0   2.5332586776876824   
0.248102423755   0.3   0   0.005911778080945885   0   2.5332586776876824   
0.029072678925   0.0   0   0.002728512960436562   0   2.5332586776876824   
0.174563015755   0.2   0   0.007276034561164165   0   2.5332586776876824   
0.0488876249657   0.2   0   0.0018190086402910413   0   2.5332586776876824   
0.0351725564489   0.0   0   0.004092769440654843   0   2.5332586776876824   
0.0682471557461   0.1   0   0.0036380172805820826   0   2.5332586776876824   
0.160947653092   0.2   0   0.007730786721236926   0   2.5332586776876824   
0.221737196916   0.2   0   0.006366530241018645   1   2.5332586776876824   
0.307654264402   0.4   0   0.005457025920873124   0   2.5332586776876824   
0.0473045056428   0.0   0   0.004092769440654843   0   2.5332586776876824   
0.107140718565   0.2   0   0.0068212824010914054   0   2.5332586776876824   
0.13778395204   0.3   0   0.002273760800363802   0   2.5332586776876824   
0.0500845578221   0.1   0   0.002273760800363802   0   2.5332586776876824   
0.117341787955   0.3   0   0.004092769440654843   0   2.5332586776876824   
0.189590192155   0.1   0   0.009549795361527967   0   2.5332586776876824   
0.0400499026258   0.1   0   0.004547521600727604   0   2.5332586776876824   
0.237017813469   0.3   0   0.008640291041382447   0   2.5332586776876824   
0.0443175759536   0.0   0   0.005457025920873124   0   2.5332586776876824   
0.213086408465   0.3   0   0.008640291041382447   0   2.5332586776876824   
0.133907724181   0.1   0   0.002728512960436562   0   2.5332586776876824   
0.201635864876   0.3   0   0.008185538881309686   0   2.5332586776876824   
0.188735577882   0.1   0   0.008185538881309686   0   2.5332586776876824   
0.411433845339   0.2   0   0.011368804001819008   1   2.5332586776876824   
0.399413271612   0.3   0   0.01682582992269213   1   2.5332586776876824   
0.0308799814548   0.0   0   0.004092769440654843   0   2.5332586776876824   
0.316737337082   0.5   0   0.01227830832196453   1   2.918158857147433   
0.0997915829415   0.1   0   0.001364256480218281   0   3.5271997025682413   
0.0126923720633   0.0   0   0.0009095043201455207   0   3.8799464973962614   
0.0171411035393   0.0   0   0.002273760800363802   0   4.512402029429937   
0.0073584638391   0.0   0   0.0009095043201455207   0   4.512402029429937   
0.0230814380098   0.0   0   0.002728512960436562   0   4.512402029429937   
0.148063718985   0.1   0   0.005911778080945885   0   4.512402029429937   
0.280014419052   0.3   0   0.009095043201455207   1   4.512402029429937   
0.179331722992   0.1   0   0.0068212824010914054   0   4.512402029429937   
0.166502421975   0.2   0   0.004092769440654843   0   4.512402029429937   
0.0202165148109   0.0   0   0.0018190086402910413   0   4.512402029429937   
0.0178299874594   0.0   0   0.0018190086402910413   0   4.512402029429937   
0.0890157013788   0.1   0   0.006366530241018645   0   4.512402029429937   
0.278984953434   0.4   0   0.007276034561164165   0   4.512402029429937   
0.217150839755   0.2   0   0.009095043201455207   1   4.512402029429937   
0.111986211417   0.1   0   0.002728512960436562   0   4.512402029429937   
0.0477747851904   0.0   0   0.0031832651205093224   0   4.512402029429937   
0.0135674146767   0.0   0   0.0018190086402910413   0   4.512402029429937   
0.0419045471849   0.0   0   0.0050022737608003635   0   4.512402029429937   
0.406400611138   0.4   0   0.010004547521600727   0   4.7897521275425525   
0.0435196961991   0.1   0   0.005911778080945885   0   4.7897521275425525   
0.656513307062   0.6   0   0.015006821282401092   3   4.7897521275425525   
0.0695726950976   0.1   0   0.006366530241018645   4   4.7897521275425525   
0.0450371157498   0.0   0   0.0036380172805820826   2   4.7897521275425525   
0.166082109645   0.2   0   0.005911778080945885   0   4.7897521275425525   
0.298747614111   0.1   0   0.008185538881309686   5   4.7897521275425525   
0.595571659686   0.5   0   0.018190086402910415   1   4.7897521275425525   
0.210533445157   0.1   0   0.009549795361527967   0   4.7897521275425525   
0.142011486375   0.1   0   0.004547521600727604   0   4.7897521275425525   
0.283608365601   0.2   0   0.007730786721236926   0   4.7897521275425525   
0.0357614520531   0.0   0   0.004092769440654843   0   4.7897521275425525   
0.1825581987   0.2   0   0.007276034561164165   0   4.7897521275425525   
0.184833536219   0.2   0   0.0036380172805820826   0   4.7897521275425525   
0.0523846697366   0.1   0   0.0036380172805820826   0   4.7897521275425525   
0.170360614258   0.1   0   0.004092769440654843   0   4.7897521275425525   
0.107252389829   0.1   0   0.01182355616189177   0   4.7897521275425525   
0.14540160929   0.2   0   0.0031832651205093224   0   4.7897521275425525   
0.200029740971   0.1   0   0.009095043201455207   4   4.7897521275425525   
0.07520357615   0.1   0   0.002728512960436562   0   4.7897521275425525   
0.0261245843346   0.0   0   0.0031832651205093224   1   4.7897521275425525   
0.138276010377   0.1   0   0.005911778080945885   0   4.7897521275425525   
0.308777059137   0.1   0   0.010459299681673489   2   4.7897521275425525   
0.2373212965   0.1   0   0.013642564802182811   0   4.7897521275425525   
0.0654926637363   0.0   0   0.005457025920873124   0   4.7897521275425525   
0.00362616077838   0.0   0   0.00045475216007276033   0   4.7897521275425525   
0.166289220221   0.1   0   0.005457025920873124   0   4.7897521275425525   
0.238826130722   0.1   0   0.0050022737608003635   1   4.7897521275425525   
0.135596109901   0.2   0   0.0050022737608003635   0   4.7897521275425525   
0.0331838481413   0.0   0   0.004092769440654843   0   4.7897521275425525   
0.0279873941198   0.0   0   0.002728512960436562   0   4.7897521275425525   
0.196108712567   0.1   0   0.007730786721236926   0   4.7897521275425525   
0.183979969757   0.1   0   0.007730786721236926   0   4.7897521275425525   
0.0566334004811   0.0   0   0.007276034561164165   1   4.7897521275425525   
0.0768051397231   0.1   0   0.0031832651205093224   0   4.7897521275425525   
0.185921569376   0.2   0   0.005457025920873124   0   4.7897521275425525   
0.173785335057   0.2   0   0.007730786721236926   0   4.7897521275425525   
0.0166477385499   0.0   0   0.002273760800363802   2   4.7897521275425525   
0.0320667631857   0.0   1   0.004092769440654843   0   0   
