0.946338252619   0.6   1   0.010004547521600727   0   1.0   
0.201912070653   0.1   0   0.005457025920873124   0   1.0   
0.0376166925098   0.0   0   0.0009095043201455207   0   1.0   
0.220115217844   0.2   0   0.001364256480218281   0   1.9486832980505138   
0.234839480241   0.0   0   0.0050022737608003635   0   1.9486832980505138   
0.173511153586   0.1   0   0.005457025920873124   1   1.9486832980505138   
0.311804513242   0.2   0   0.0018190086402910413   0   2.8147087018349524   
0.378643739191   0.4   0   0.004547521600727604   0   3.0885699805875353   
0.593209947097   0.4   0   0.009549795361527967   0   3.4665344535967626   
0.42307381111   0.3   0   0.0068212824010914054   2   3.4665344535967626   
0.3265262565   0.2   0   0.0036380172805820826   0   3.7727206714446604   
0.277875127263   0.3   0   0.002273760800363802   0   4.547317340686144   
0.156758978392   0.1   0   0.004092769440654843   0   4.547317340686144   
0.163915583878   0.2   0   0.0031832651205093224   0   4.874644176040133   
0.157443100688   0.1   0   0.0050022737608003635   0   4.874644176040133   
0.254342056508   0.2   0   0.0068212824010914054   0   4.874644176040133   
0.413126837945   0.2   0   0.005457025920873124   0   5.337554225926408   
0.270583142957   0.2   0   0.0018190086402910413   0   5.770566927818628   
0.104000503828   0.1   0   0.001364256480218281   0   6.270566927818627   
0.101287837237   0.2   0   0.0018190086402910413   0   7.136592331603066   
0.303256211446   0.2   0   0.0031832651205093224   0   7.791246002311044   
0.0133839973018   0.0   0   0.00045475216007276033   0   7.791246002311044   
0.252106838733   0.2   0   0.004547521600727604   0   8.338968559816209   
0.0993781753032   0.0   0   0.0031832651205093224   0   8.338968559816209   
0.35321450395   0.1   0   0.0031832651205093224   0   8.666295395170197   
0.236937521683   0.2   0   0.001364256480218281   0   9.166295395170199   
0.226354899124   0.1   0   0.0068212824010914054   0   9.389902192920177   
0.146935340603   0.2   0   0.002728512960436562   0   9.389902192920177   
0.379281818861   0.4   0   0.002728512960436562   0   10.097008974106725   
0.320959238   0.3   0   0.0050022737608003635   0   10.358125458040272   
0.212396871531   0.3   0   0.005911778080945885   0   10.358125458040272   
0.362915347142   0.3   0   0.004092769440654843   0   10.646800592635085   
0.351966514054   0.4   0   0.005457025920873124   0   11.396800592635083   
0.48856701722   0.2   0   0.008185538881309686   1   11.784098927255826   
0.581269549608   0.2   0   0.004547521600727604   0   12.534098927255824   
0.325958354842   0.1   0   0.0050022737608003635   0   12.744140939860026   
0.0517618974953   0.0   0   0.001364256480218281   0   12.744140939860026   
0.345337496749   0.2   0   0.0031832651205093224   0   13.398794610568004   
0.0805457092034   0.0   0   0.002728512960436562   0   13.398794610568004   
0.0195731491817   0.0   0   0.00045475216007276033   0   13.398794610568004   
0.00531707185861   0.0   0   0.00045475216007276033   0   13.398794610568004   
0.0532066943532   0.0   0   0.002273760800363802   0   13.398794610568004   
0.249227349845   0.2   0   0.002273760800363802   0   14.173391279809488   
0.439569420134   0.5   0   0.0068212824010914054   0   15.067818470809403   
0.142094840305   0.0   0   0.0018190086402910413   0   15.067818470809403   
0.112056625251   0.0   0   0.0031832651205093224   0   15.067818470809403   
0.652353604863   0.4   0   0.008640291041382447   0   15.862537885048427   
0.107068320548   0.1   0   0.002728512960436562   0   15.862537885048427   
0.236482815715   0.1   0   0.002728512960436562   0   16.216091275641702   
0.339130686567   0.2   0   0.002273760800363802   0   14.956589211364378   
0.121941063119   0.2   0   0.002728512960436562   0   15.260879521089471   
0.185152893151   0.0   0   0.004547521600727604   0   15.691211004001406   
0.185617313117   0.0   0   0.005457025920873124   0   15.906376745457374   
0.21641434406   0.1   0   0.006366530241018645   0   15.906376745457374   
0.306907581227   0.2   0   0.0031832651205093224   0   16.188094830366882   
0.156013859029   0.1   0   0.0031832651205093224   0   16.188094830366882   
0.111912078801   0.0   0   0.002728512960436562   0   16.492385140091972   
0.370962960597   0.3   0   0.004092769440654843   0   16.941851715067468   
0.54952158531   0.1   0   0.0068212824010914054   0   16.941851715067468   
0.460945878961   0.2   0   0.006366530241018645   0   17.12819071319245   
0.502876338691   0.3   0   0.0068212824010914054   0   17.308966094707994   
0.311616648685   0.1   0   0.0050022737608003635   2   17.308966094707994   
0.302609940122   0.3   0   0.005457025920873124   0   17.308966094707994   
0.113790704965   0.1   0   0.0018190086402910413   0   17.308966094707994   
0.550979366786   0.4   1   0.0050022737608003635   0   0   
