1.05279888492   0.7   1   0.01182355616189177   0   1.0   
0.702134902631   0.4   0   0.007276034561164165   0   1.0   
0.406076671699   0.1   0   0.0050022737608003635   0   1.0   
0.416615856062   0.1   0   0.005457025920873124   0   1.0   
0.704144537006   0.4   0   0.008185538881309686   0   1.0   
0.593114010876   0.5   0   0.005457025920873124   0   1.0   
0.542503037601   0.1   0   0.007276034561164165   1   1.0   
0.65341017849   0.3   0   0.007276034561164165   2   1.0   
0.620135199791   0.4   0   0.007276034561164165   0   1.0   
0.629326244218   0.4   0   0.0068212824010914054   1   1.0   
0.520656578132   0.2   0   0.005911778080945885   1   1.0   
1.01056002467   0.7   0   0.009095043201455207   0   1.0   
1.82174991834   0.6   0   0.020009095043201454   2   1.0   
0.263504934663   0.2   0   0.0036380172805820826   0   1.0   
0.480806063205   0.1   0   0.007730786721236926   0   1.0   
0.319184258949   0.2   0   0.0031832651205093224   0   1.0   
0.0680938164275   0.0   1   0.001364256480218281   0   0   
