0.54412369621   0.2   1   0.009549795361527967   1   1.0   
0.356887054182   0.2   0   0.004547521600727604   2   1.7559289460184544   
0.91542079982   0.3   0   0.015461573442473852   1   1.6411745954070525   
0.281200477341   0.3   0   0.0068212824010914054   0   2.294371860149233   
0   0.0   0   0.0   0   2.294371860149233   
0   0.0   0   0.0   0   2.294371860149233   
0   0.0   0   0.0   0   2.294371860149233   
0.345925965045   0.2   0   0.007730786721236926   0   2.8696843186392695   
0.342753836999   0.2   0   0.0050022737608003635   0   3.1804750988933   
0.109521827439   0.1   0   0.0018190086402910413   0   3.1804750988933   
0.238781488951   0.0   0   0.005911778080945885   0   3.1804750988933   
0.499725994896   0.1   0   0.01227830832196453   0   3.1804750988933   
0.693746842921   0.4   0   0.010914051841746248   0   3.57007196013029   
0.166371466348   0.0   0   0.004092769440654843   0   3.8808627403843206   
0.309199054825   0.2   0   0.007276034561164165   2   4.396250943586528   
0.421822424601   0.2   0   0.010004547521600727   0   4.396250943586528   
0.309177654883   0.3   0   0.0068212824010914054   0   5.396250943586528   
0.730692117945   0.5   0   0.010459299681673489   0   5.533757634832941   
0.234577671402   0.2   0   0.002273760800363802   0   5.921055969453683   
0   0.0   0   0.0   0   5.921055969453683   
0   0.0   0   0.0   0   5.921055969453683   
0.061432752752   0.0   0   0.001364256480218281   0   5.921055969453683   
0.348221504299   0.2   0   0.004547521600727604   0   6.383966019339958   
0.230865105757   0.1   0   0.004547521600727604   0   6.657827298092541   
0.402948663797   0.5   0   0.006366530241018645   0   7.583647397865093   
0.273616308683   0.2   0   0.0031832651205093224   0   7.872322532459906   
0.068701461888   0.1   0   0.002273760800363802   0   7.872322532459906   
0.196434459265   0.1   0   0.004092769440654843   0   7.872322532459906   
0.271371835911   0.1   0   0.005911778080945885   0   8.319536127959863   
0   0.0   0   0.0   0   8.319536127959863   
0   0.0   0   0.0   0   8.319536127959863   
0.445967557321   0.2   0   0.007730786721236926   0   8.51821598151962   
0.566602706978   0.5   1   0.009549795361527967   0   0   
