0.560418930608   0.3   1   0.011368804001819008   2   1.0   
0.50734161371   0.4   0   0.010459299681673489   0   1.0   
0.443773047125   0.1   0   0.01318781264211005   1   1.0   
0.688930189445   0.6   0   0.010459299681673489   1   2.0   
0.284106191785   0.2   0   0.005457025920873124   3   2.0   
0.323500531184   0.2   0   0.006366530241018645   4   2.0   
0.169986112793   0.1   0   0.0036380172805820826   0   2.0   
0.240447702133   0.2   0   0.0068212824010914054   1   2.549193338482967   
0.159651733031   0.1   0   0.0036380172805820826   0   3.2338465353644246   
0.284459307151   0.2   0   0.007730786721236926   1   3.2338465353644246   
0.066308092421   0.0   0   0.002728512960436562   1   3.2338465353644246   
0.32418851605   0.3   0   0.004547521600727604   0   3.2338465353644246   
0.244954948348   0.2   0   0.0036380172805820826   0   3.2338465353644246   
0.268064968549   0.3   0   0.0050022737608003635   0   3.2338465353644246   
0.12705638566   0.1   0   0.0036380172805820826   0   3.2338465353644246   
0.374536374974   0.3   0   0.005457025920873124   2   3.2338465353644246   
0.279266647132   0.2   0   0.005457025920873124   1   3.792863529739372   
0.238860895864   0.2   0   0.004547521600727604   2   4.405235965435167   
0.0707051341146   0.0   0   0.0018190086402910413   0   4.405235965435167   
0.0251034154076   0.0   0   0.00045475216007276033   0   4.405235965435167   
0.591925700767   0.4   0   0.0068212824010914054   0   4.405235965435167   
0.304077177141   0.3   0   0.0050022737608003635   0   4.405235965435167   
0.0283276902315   0.0   0   0.001364256480218281   0   4.405235965435167   
0.147439179341   0.0   0   0.0050022737608003635   0   4.405235965435167   
0.360383295599   0.3   0   0.009095043201455207   3   4.405235965435167   
0.26166201922   0.1   0   0.0050022737608003635   0   4.405235965435167   
0.387229724926   0.4   0   0.0050022737608003635   0   4.405235965435167   
0.0958067223333   0.1   0   0.004092769440654843   0   4.405235965435167   
0.31372197975   0.2   0   0.005457025920873124   0   4.405235965435167   
0.149367183977   0.0   0   0.005911778080945885   0   4.405235965435167   
0.233044672942   0.1   0   0.005457025920873124   0   4.405235965435167   
0.277922597457   0.4   0   0.004547521600727604   0   4.405235965435167   
0.162392230842   0.0   0   0.0036380172805820826   0   5.0898891623166245   
0.389393441366   0.4   0   0.005911778080945885   3   5.6269753178462   
0.0458594049541   0.0   0   0.001364256480218281   0   5.6269753178462   
0.0251034154076   0.0   0   0.00045475216007276033   0   5.6269753178462   
0.199788044777   0.1   0   0.002728512960436562   0   5.6269753178462   
0.149861519438   0.1   0   0.002728512960436562   0   5.6269753178462   
0.516382491637   0.4   0   0.010459299681673489   0   5.6269753178462   
0.301870726791   0.4   0   0.0036380172805820826   0   5.6269753178462   
0.10600854054   0.1   0   0.004547521600727604   0   5.6269753178462   
0.599094288447   0.5   0   0.010004547521600727   0   6.022260025367247   
0.392063551586   0.4   0   0.0068212824010914054   0   6.522260025367247   
0.169961412465   0.1   0   0.005457025920873124   0   6.522260025367247   
0.197385706005   0.0   0   0.006366530241018645   0   6.522260025367247   
0.323710727299   0.3   0   0.008640291041382447   0   7.410783342005886   
0.358197313784   0.2   0   0.009549795361527967   1   8.255937596734402   
0.298021272885   0.2   0   0.007276034561164165   2   9.224183433286257   
0.210892296002   0.0   0   0.009095043201455207   1   9.637044845208642   
0.272016690139   0.4   0   0.005457025920873124   3   10.196061839583589   
0.140119743834   0.1   0   0.004092769440654843   0   10.196061839583589   
0.203207955028   0.1   0   0.008640291041382447   2   10.196061839583589   
0.389101009113   0.4   0   0.0068212824010914054   0   10.69606183958359   
0.234560666888   0.1   1   0.007276034561164165   2   0   
