0.322082814935   0.2   1   0.005457025920873124   0   0   
0.285481331533   0.1   0   0.010914051841746248   0   0   
0.289537287187   0.4   0   0.004092769440654843   0   0   
0.328480963249   0.2   0   0.005911778080945885   0   0   
0.351975310661   0.4   0   0.008185538881309686   0   0   
0.118903837365   0.1   0   0.002273760800363802   0   0   
0.137045885878   0.3   0   0.004092769440654843   0   0   
0.467216330981   0.3   0   0.005911778080945885   0   0   
0.49384602473   0.4   0   0.005457025920873124   0   0   
0.0782466635965   0.1   0   0.002273760800363802   0   0   
0.16526913175   0.3   0   0.004092769440654843   0   0   
0.419801179249   0.4   0   0.005911778080945885   0   0   
0.460837105421   0.4   0   0.007730786721236926   0   1.0   
0.277368525168   0.2   0   0.004092769440654843   0   1.0   
0.0795269680555   0.2   0   0.002728512960436562   0   1.5940885257860045   
0.197996149893   0.2   0   0.004092769440654843   0   1.5940885257860045   
0.0622750471952   0.1   0   0.002273760800363802   0   2.4551970737219175   
0.0196851162256   0.0   0   0.001364256480218281   0   2.4551970737219175   
0.0143367301382   0.0   0   0.0009095043201455207   0   2.4551970737219175   
0.188549890049   0.2   0   0.008640291041382447   2   2.5953533969029534   
0.445854002865   0.3   0   0.008640291041382447   0   2.5953533969029534   
0.111825882501   0.0   0   0.004547521600727604   0   2.5953533969029534   
0.206991443436   0.1   0   0.004092769440654843   0   2.5953533969029534   
0.0848433354297   0.0   0   0.005457025920873124   1   3.014788643306884   
0.197976274659   0.2   0   0.0068212824010914054   0   3.389942932554309   
0.847163018272   0.6   0   0.020009095043201454   3   3.9831139465560486   
0.271100189918   0.1   0   0.005457025920873124   0   3.9831139465560486   
0.324711275644   0.3   0   0.010004547521600727   0   4.268064084644418   
0.460981355606   0.5   0   0.007730786721236926   0   4.6013974179777515   
0.234321057787   0.2   0   0.0036380172805820826   0   4.6013974179777515   
0.100131309049   0.2   0   0.0036380172805820826   0   5.1150985848918324   
0.197492059495   0.1   0   0.0068212824010914054   0   5.1150985848918324   
0.0779048265225   0.1   0   0.0036380172805820826   0   5.1150985848918324   
0.0808327129089   0.1   0   0.004092769440654843   0   5.599420689729685   
0.266508431833   0.3   0   0.002728512960436562   0   6.192591703731425   
0.190576329422   0.2   0   0.004547521600727604   2   6.6520599954677655   
0.443542068361   0.5   0   0.007276034561164165   0   6.994527440077153   
0.619074460564   0.3   0   0.01455206912232833   0   6.994527440077153   
0.282522314798   0.2   0   0.0036380172805820826   0   6.994527440077153   
0.288957572743   0.2   0   0.004547521600727604   0   7.453995731813494   
0.152083264443   0.2   0   0.004092769440654843   0   6.1301917032460835   
0.0295777451152   0.0   0   0.0018190086402910413   0   6.1301917032460835   
0.106532633069   0.1   0   0.005457025920873124   0   6.418866837840897   
0.283401306627   0.3   0   0.005457025920873124   0   6.418866837840897   
0.156954616832   0.1   0   0.002273760800363802   0   6.418866837840897   
0.285541738354   0.2   0   0.002728512960436562   0   6.418866837840897   
0.0357440011171   0.0   0   0.002273760800363802   0   6.418866837840897   
0.236123405949   0.1   0   0.004547521600727604   0   6.735094603857735   
0.118557205231   0.1   0   0.004547521600727604   0   6.735094603857735   
0.280648473565   0.3   0   0.0050022737608003635   0   6.58444543213586   
0.386004018884   0.3   0   0.007276034561164165   0   6.791734481533073   
0.108786925751   0.2   0   0.006366530241018645   0   6.791734481533073   
0.273284558766   0.1   0   0.0068212824010914054   0   6.791734481533073   
0.71974850589   0.5   0   0.008640291041382447   0   6.791734481533073   
0.115856505895   0.2   0   0.004092769440654843   0   6.791734481533073   
0.213756578321   0.1   0   0.0031832651205093224   0   6.791734481533073   
0.0756895299262   0.1   0   0.002728512960436562   0   6.791734481533073   
0.275128990724   0.2   0   0.0050022737608003635   0   7.041734481533073   
0.14318925109   0.1   0   0.007730786721236926   0   5.113178766223872   
0.178507458331   0.2   0   0.0031832651205093224   0   5.479291864467389   
0.0802366975816   0.1   0   0.004092769440654843   0   5.479291864467389   
0.321850812391   0.3   0   0.0036380172805820826   0   5.479291864467389   
0.235622746247   0.2   0   0.0018190086402910413   0   5.479291864467389   
0.0431093876823   0.0   0   0.002728512960436562   0   5.479291864467389   
0.117180997828   0.1   0   0.0050022737608003635   1   5.479291864467389   
0.071314226232   0.0   0   0.004547521600727604   0   5.479291864467389   
0.398163622392   0.2   0   0.007730786721236926   0   5.479291864467389   
0.0487094024924   0.1   0   0.002273760800363802   0   5.695887294352033   
0.0977105958901   0.1   0   0.0031832651205093224   1   5.695887294352033   
0.213698657711   0.2   0   0.0018190086402910413   0   5.93804834677096   
0.646229899299   0.3   0   0.01455206912232833   0   6.011062651290157   
0.325675383029   0.5   0   0.004547521600727604   0   6.164218748535604   
0.305969734146   0.2   0   0.004092769440654843   0   6.164218748535604   
0.124248618231   0.1   0   0.004547521600727604   0   6.164218748535604   
0.0874103535852   0.2   0   0.001364256480218281   0   6.4438422461382245   
0.313190798459   0.3   0   0.004092769440654843   0   6.605282947750842   
0.053620945719   0.0   0   0.004547521600727604   0   6.605282947750842   
0.46520557888   0.5   0   0.0068212824010914054   0   6.855385807249125   
0.143988198426   0.2   0   0.0050022737608003635   3   7.001414416287519   
0.524927357822   0.2   0   0.010459299681673489   0   7.001414416287519   
0.134877893098   0.2   0   0.004547521600727604   0   7.001414416287519   
0.259478837276   0.2   0   0.0036380172805820826   0   7.172648138592213   
0.338139211237   0.1   0   0.008185538881309686   0   7.172648138592213   
0.23468602315   0.2   0   0.0036380172805820826   0   7.343881860896907   
0.485616082431   0.4   0   0.01273306048203729   0   7.429498722049255   
0.295144709949   0.2   0   0.006366530241018645   0   7.429498722049255   
0.427231336447   0.2   0   0.009095043201455207   0   7.429498722049255   
0.269937225992   0.2   0   0.004547521600727604   0   7.429498722049255   
0.27762234398   0.2   0   0.009095043201455207   0   7.528360557716211   
0.430642868907   0.5   0   0.008185538881309686   0   7.642516372586006   
0.130574605351   0.3   0   0.004092769440654843   0   7.803957074198624   
0.283016468502   0.2   0   0.0050022737608003635   0   7.803957074198624   
0.25825314308   0.3   0   0.004547521600727604   0   7.9437688229999335   
0.379438984852   0.4   0   0.0050022737608003635   0   7.9437688229999335   
0.0454928584753   0.0   0   0.0031832651205093224   0   8.126825372121692   
0.403563082122   0.3   0   0.007730786721236926   0   8.126825372121692   
0.28199059833   0.2   0   0.002728512960436562   0   8.126825372121692   
0.379067607241   0.1   0   0.0031832651205093224   0   8.126825372121692   
0.0376598039058   0.0   0   0.002728512960436562   0   8.324549043455605   
0.311804027865   0.4   0   0.005457025920873124   0   8.464360792256915   
0.67170949408   0.3   0   0.01637107776261937   0   8.532854281178794   
0.192935717424   0.3   0   0.0031832651205093224   0   8.715910830300553   
0.325394098886   0.4   0   0.004092769440654843   0   8.87735153191317   
0.0263961456154   0.0   0   0.0018190086402910413   0   8.87735153191317   
0.436920700556   0.5   0   0.006366530241018645   0   9.006792059137775   
0.42435843944   0.5   0   0.006366530241018645   0   9.265673113586981   
0.100311322672   0.2   0   0.0036380172805820826   0   9.436906835891676   
0.372963980311   0.3   0   0.007730786721236926   0   9.548017947002787   
0.273128296175   0.3   0   0.004547521600727604   0   9.701174044248233   
0.0301223340565   0.0   0   0.0031832651205093224   0   9.701174044248233   
0.0272084853988   0.0   0   0.002273760800363802   0   9.701174044248233   
0.390924093322   0.4   0   0.005911778080945885   0   9.83550082754312   
0.143256520258   0.2   1   0.007730786721236926   1   0   
