0.747784753141   0.4   1   0.007730786721236926   0   0   
0.832007096603   0.3   0   0.009549795361527967   1   0   
0.629056633201   0.4   0   0.0068212824010914054   1   1.0   
0.950274867003   0.5   0   0.008640291041382447   0   1.8451542547285167   
0.419524095561   0.2   0   0.0036380172805820826   0   2.347510143188589   
0.22593545267   0.1   0   0.004547521600727604   0   2.347510143188589   
0.628135239166   0.4   0   0.006366530241018645   0   3.054616924375137   
0.624673958834   0.3   0   0.009549795361527967   1   3.054616924375137   
0.639766049583   0.4   0   0.006366530241018645   0   3.054616924375137   
0.353266964725   0.3   0   0.0050022737608003635   0   3.054616924375137   
0.406644176377   0.2   0   0.0036380172805820826   0   3.054616924375137   
0.0208988078962   0.0   0   0.00045475216007276033   0   2.079970170576427   
0.560793554714   0.1   0   0.009095043201455207   0   2.079970170576427   
0.528862712187   0.1   0   0.009095043201455207   4   2.079970170576427   
0.427787731195   0.4   0   0.0050022737608003635   0   2.079970170576427   
0.789206176591   0.4   0   0.010459299681673489   1   2.2799701705764273   
0.144528255859   0.1   0   0.002273760800363802   0   2.2799701705764273   
0.283535609878   0.1   1   0.0050022737608003635   0   0   
