0.485456194149   0.3   1   0.0068212824010914054   0   0   
0.58368999452   0.2   0   0.009095043201455207   1   1.0   
0.123972547741   0.1   0   0.0031832651205093224   0   1.0   
0.35449951834   0.3   0   0.0068212824010914054   2   1.2529822128134702   
0.313536928649   0.2   0   0.004092769440654843   1   1.2529822128134702   
0.630336740314   0.2   0   0.010004547521600727   4   2.25298221281347   
0.371173607516   0.1   0   0.007276034561164165   2   2.4979311870917877   
0.30443446074   0.1   0   0.005457025920873124   1   2.780773899566407   
0.534856986696   0.5   0   0.006366530241018645   0   3.025722873844725   
0.171548927749   0.0   0   0.004092769440654843   3   3.025722873844725   
0.334858875757   0.2   0   0.0031832651205093224   2   3.025722873844725   
0.346712310968   0.1   0   0.005911778080945885   1   3.297469362039428   
0.182823725713   0.1   0   0.002728512960436562   0   3.697469362039428   
1.55126347049   0.5   0   0.01318781264211005   5   4.046310501879715   
0.250961581217   0.1   0   0.004547521600727604   0   4.046310501879715   
0.34260308738   0.1   0   0.006366530241018645   0   4.570033438446096   
0.464583634313   0.3   0   0.006366530241018645   0   4.570033438446096   
0.0824991579831   0.0   0   0.002273760800363802   1   4.570033438446096   
0.832564663209   0.5   0   0.009549795361527967   3   4.7743350058281955   
0.499296545429   0.2   0   0.008640291041382447   2   4.988143999358135   
0.217499981265   0.1   0   0.004547521600727604   0   5.297982667054728   
0.191099284921   0.1   0   0.002273760800363802   0   5.736160713058862   
0.36661010883   0.2   0   0.0050022737608003635   3   5.736160713058862   
0.535168852086   0.3   0   0.0068212824010914054   0   5.949969706588801   
0.339393947355   0.1   0   0.004547521600727604   0   6.259808374285394   
0.519447701927   0.2   0   0.008185538881309686   3   6.259808374285394   
0.83936857297   0.3   0   0.01318781264211005   6   6.805638965662205   
0.443399163459   0.1   0   0.008640291041382447   0   7.019447959192145   
0.649072665163   0.2   0   0.009095043201455207   3   3.3082298237170304   
0.704598990226   0.3   1   0.006366530241018645   0   0   
