0.582560540638   0.7   1   0.010459299681673489   4   0   
0.161307203063   0.1   0   0.0031832651205093224   0   0   
0.751399183693   0.4   0   0.01455206912232833   4   0   
0.598873857104   0.2   0   0.010459299681673489   2   0   
0.34431135157   0.1   0   0.004547521600727604   0   0   
0.406952378317   0.1   0   0.008640291041382447   1   0   
0.497637581299   0.2   0   0.005911778080945885   0   0   
0.476672875439   0.1   0   0.01409731696225557   0   0   
0.49683130479   0.5   0   0.008185538881309686   0   0   
0.194185797738   0.3   0   0.005457025920873124   1   0   
0.413938590627   0.2   0   0.008640291041382447   0   0   
0.312275970001   0.2   0   0.008640291041382447   0   0   
0.0403613899843   0.0   0   0.002728512960436562   0   0   
0.455112532338   0.4   0   0.005911778080945885   0   0   
0.506406285564   0.3   0   0.009549795361527967   0   0   
0.320223673722   0.2   0   0.0068212824010914054   1   0   
0.638670303554   0.4   0   0.011368804001819008   4   0   
0.325707213465   0.1   0   0.008185538881309686   0   0   
0.550433866457   0.1   0   0.010004547521600727   5   0   
0.28754207332   0.4   0   0.0036380172805820826   0   0   
0.518480729365   0.4   0   0.008640291041382447   0   0   
1.2627385409   0.5   0   0.02546612096407458   11   0   
0.870164866909   0.6   0   0.011368804001819008   8   0   
0.3142057659   0.2   0   0.005911778080945885   0   0   
0.321161587931   0.4   0   0.004092769440654843   2   0   
0.467577050256   0.2   0   0.010459299681673489   8   0   
0.586095569508   0.3   0   0.01455206912232833   3   0   
0.315060299694   0.1   0   0.005911778080945885   2   0   
0.142926632067   0.0   0   0.002728512960436562   2   0   
0.256778473861   0.1   0   0.009549795361527967   0   0   
0.0198126807277   0.0   1   0.00045475216007276033   0   0   
