0.0376739033422   0.0   1   0.002728512960436562   1   0   
0.0498326910841   0.0   0   0.005457025920873124   0   0   
0.0169030090274   0.0   0   0.0018190086402910413   0   0   
0.0604267028217   0.0   0   0.0050022737608003635   2   0   
0.393568792278   0.4   0   0.013642564802182811   0   0   
0.234274807135   0.3   0   0.010004547521600727   1   0   
0.165476282058   0.2   0   0.0050022737608003635   0   0   
0.0368155104354   0.0   0   0.0036380172805820826   0   0   
0.0206721915413   0.0   0   0.0018190086402910413   0   0   
0.0190130164301   0.0   0   0.001364256480218281   0   0   
0.0801765702537   0.1   0   0.001364256480218281   0   0   
0.231359486197   0.3   0   0.0068212824010914054   0   0   
0.178406023795   0.2   0   0.010914051841746248   0   0   
0.132701454163   0.3   0   0.004092769440654843   0   0   
0.319616325242   0.4   0   0.010004547521600727   2   0   
0.206521307712   0.3   0   0.007276034561164165   0   0   
0.354481546813   0.4   0   0.01409731696225557   1   0   
0.205031024271   0.2   0   0.010914051841746248   0   0   
0.292115453501   0.3   0   0.008640291041382447   1   0   
0.202319187164   0.2   0   0.005911778080945885   0   0   
0.0856569553593   0.1   0   0.002273760800363802   0   0   
0.0823294154308   0.1   0   0.0050022737608003635   0   0   
0.12358635593   0.1   0   0.002273760800363802   0   0   
0.0642268446506   0.1   0   0.005457025920873124   0   0   
0.221334909131   0.1   0   0.010004547521600727   0   0   
0.210572916483   0.2   0   0.007276034561164165   0   0   
0.163869666005   0.2   0   0.009549795361527967   0   0   
0.144695825049   0.2   0   0.008640291041382447   0   0   
0.0274437589334   0.0   0   0.004092769440654843   0   0   
0.0280842647086   0.0   0   0.0031832651205093224   0   0   
0.0390907661395   0.0   0   0.0050022737608003635   0   0   
0.0356702508618   0.1   0   0.002728512960436562   0   0   
0.237562167202   0.1   0   0.01455206912232833   2   0   
0.176271120642   0.1   0   0.007730786721236926   1   0   
0.127713578778   0.3   0   0.004092769440654843   0   0   
0.14624043377   0.1   0   0.0068212824010914054   1   0   
0.206927963338   0.3   0   0.010914051841746248   1   0   
0.241640323692   0.3   0   0.01455206912232833   0   0   
0.198105646903   0.2   0   0.010004547521600727   0   0   
0.0847268852823   0.1   0   0.006366530241018645   0   0   
0.0676908873634   0.0   0   0.004092769440654843   0   0   
0.110193138088   0.2   0   0.004547521600727604   0   0   
0.0995446871118   0.1   0   0.005911778080945885   2   0   
0.0413043040693   0.0   0   0.004092769440654843   2   0   
0.0212616906394   0.0   0   0.002273760800363802   0   0   
0.145996630737   0.2   0   0.007730786721236926   0   0   
0.079542645115   0.1   0   0.004092769440654843   2   0   
0.125666646782   0.1   0   0.004547521600727604   0   0   
0.340871766677   0.4   0   0.009549795361527967   3   0   
0.169299244511   0.2   0   0.0050022737608003635   0   0   
0.12245885436   0.1   0   0.004092769440654843   0   0   
0.161256473297   0.2   0   0.004547521600727604   0   0   
0.361145907001   0.2   0   0.01455206912232833   0   0   
0.134191177676   0.0   0   0.010914051841746248   7   0   
0.101537989082   0.1   0   0.007276034561164165   1   0   
0.0506572924762   0.0   0   0.0050022737608003635   0   0   
0.160252553825   0.1   0   0.004547521600727604   0   0   
0.0682765373832   0.0   0   0.0050022737608003635   0   0   
0.16218200927   0.3   0   0.008185538881309686   1   0   
0.063533369164   0.0   0   0.005457025920873124   0   0   
0.205128486584   0.3   0   0.008185538881309686   0   0   
0.0862097882471   0.0   0   0.007276034561164165   0   0   
0.108841640871   0.2   0   0.0068212824010914054   0   0   
0.0319023110207   0.0   0   0.001364256480218281   0   0   
0.25676390638   0.3   0   0.007730786721236926   1   0   
0.0786970994897   0.1   0   0.001364256480218281   0   0   
0.0438468214935   0.0   0   0.004092769440654843   0   0   
0.137609639736   0.1   0   0.0050022737608003635   0   0   
0.0794519943356   0.1   0   0.009549795361527967   0   0   
0.0113579508646   0.0   0   0.0018190086402910413   0   0   
0.20480904261   0.3   0   0.006366530241018645   0   0   
0.153410217531   0.2   0   0.005457025920873124   0   0   
0.0526042821534   0.1   0   0.004092769440654843   1   0   
0.204544567733   0.2   0   0.004092769440654843   0   0   
0.225503518099   0.2   0   0.011368804001819008   4   0   
0.246807592612   0.4   0   0.007276034561164165   1   0   
0.170477880118   0.2   0   0.004092769440654843   3   0   
0.229237246616   0.3   0   0.010459299681673489   1   0   
0.195179350244   0.2   0   0.005457025920873124   0   0   
0.131817052591   0.2   0   0.0068212824010914054   0   0   
0.264330682565   0.4   0   0.007276034561164165   1   0   
0.148334868227   0.2   0   0.007730786721236926   0   0   
0.0584118667968   0.0   0   0.0036380172805820826   2   0   
0.0819616060663   0.2   0   0.004092769440654843   1   0   
0.176408210591   0.2   0   0.010004547521600727   0   0   
0.129326777945   0.3   0   0.0068212824010914054   3   0   
0.15123336459   0.1   0   0.004092769440654843   0   0   
0.145473309853   0.3   0   0.007730786721236926   0   0   
0.0745089550648   0.2   0   0.0050022737608003635   0   0   
0.178668453485   0.3   0   0.006366530241018645   1   0   
0.162677900174   0.1   0   0.005911778080945885   0   0   
0.199866593362   0.2   0   0.0031832651205093224   0   0   
0.265347630608   0.2   0   0.009095043201455207   0   0   
0.292827771095   0.4   0   0.010459299681673489   0   0   
0.343204929913   0.2   0   0.01182355616189177   0   0   
0.245722355913   0.3   0   0.005911778080945885   0   0   
0.173842783629   0.1   0   0.006366530241018645   0   0   
0.0731496723605   0.0   0   0.007730786721236926   1   0   
0.209070187494   0.2   0   0.005911778080945885   0   0   
0.241649592896   0.3   0   0.005911778080945885   0   0   
0.0880675912391   0.1   0   0.007276034561164165   0   0   
0.19233394195   0.2   0   0.007730786721236926   0   0   
0.108115497715   0.2   0   0.004547521600727604   1   0   
0.212608702171   0.3   0   0.005457025920873124   1   0   
0.178103550201   0.3   0   0.002728512960436562   0   0   
0.262759285554   0.4   0   0.015461573442473852   1   0   
0.0288671965365   0.0   0   0.0031832651205093224   0   0   
0.143184922087   0.1   0   0.004547521600727604   0   0   
0.25791612582   0.4   0   0.008640291041382447   0   0   
0.0665122193358   0.1   0   0.0036380172805820826   0   0   
0.152771360689   0.1   0   0.004547521600727604   0   0   
0.382001023341   0.3   0   0.009549795361527967   1   0   
0.176892082811   0.2   0   0.0068212824010914054   0   0   
0.261909657142   0.2   0   0.008185538881309686   1   0   
0.265395694912   0.4   0   0.007730786721236926   1   0   
0.382830012451   0.5   0   0.01273306048203729   0   0   
0.101081435292   0.2   0   0.0036380172805820826   0   0   
0.155291598767   0.2   0   0.007730786721236926   1   0   
0.285121029719   0.4   0   0.0068212824010914054   0   0   
0.170654459764   0.2   0   0.0031832651205093224   0   0   
0.229263576894   0.1   0   0.0068212824010914054   0   0   
0.309221471359   0.5   0   0.010004547521600727   1   0   
0.222599013263   0.2   0   0.005457025920873124   0   0   
0.0647310595756   0.1   0   0.002728512960436562   0   0   
0.16380190624   0.3   0   0.0068212824010914054   0   0   
0.0806107554834   0.0   0   0.005911778080945885   0   0   
0.0581662501442   0.1   0   0.004547521600727604   0   0   
0.174201999047   0.1   0   0.010459299681673489   1   0   
0.274231941183   0.3   0   0.008185538881309686   0   0   
0.221474823965   0.1   0   0.007730786721236926   2   0   
0.208463442599   0.3   0   0.0036380172805820826   0   0   
0.368499648242   0.2   0   0.010914051841746248   3   0   
0.0657913290765   0.0   0   0.005457025920873124   4   0   
0.265898512802   0.2   0   0.008640291041382447   2   0   
0.186684289889   0.2   0   0.0050022737608003635   3   0   
0.23181880653   0.2   0   0.006366530241018645   4   0   
0.0938673037242   0.1   0   0.0050022737608003635   3   0   
0.214731729205   0.2   0   0.007730786721236926   3   0   
0.104036350732   0.2   0   0.0036380172805820826   2   0   
0.086135353911   0.0   0   0.007276034561164165   1   0   
0.0517050636249   0.0   0   0.0036380172805820826   1   0   
0.186539688295   0.2   0   0.0050022737608003635   2   0   
0.2160232929   0.2   0   0.0050022737608003635   1   0   
0.12797987419   0.3   0   0.004092769440654843   0   0   
0.303560083385   0.2   0   0.018644838562983174   5   0   
0.153046972147   0.1   0   0.004092769440654843   0   0   
0.387422083235   0.2   0   0.020009095043201454   3   0   
0.121637576833   0.1   0   0.005911778080945885   2   0   
0.0338731248197   0.0   0   0.0031832651205093224   2   0   
0.152411406773   0.2   0   0.006366530241018645   3   0   
0.0656931099575   0.0   0   0.0050022737608003635   2   0   
0.0295128361712   0.0   0   0.0018190086402910413   0   0   
0.468880764046   0.3   0   0.011368804001819008   1   0   
0.0575664712705   0.0   0   0.0050022737608003635   0   0   
0.0286336456447   0.0   0   0.002273760800363802   0   0   
0.302186992897   0.3   0   0.010004547521600727   0   0   
0.0165473995251   0.0   0   0.002273760800363802   0   0   
0.172160532229   0.2   0   0.004547521600727604   0   0   
0.0684164629476   0.1   0   0.0050022737608003635   0   0   
0.185941647947   0.3   0   0.007276034561164165   0   0   
0.0103679696282   0.0   0   0.0009095043201455207   0   0   
0.222330842312   0.1   0   0.01227830832196453   2   0   
0.156885947868   0.1   0   0.008640291041382447   0   0   
0.119100396054   0.1   0   0.005911778080945885   0   0   
0.163749530163   0.2   0   0.006366530241018645   0   0   
0.126292249143   0.2   0   0.006366530241018645   0   0   
0.117470467726   0.1   0   0.004092769440654843   0   0   
0.163637110612   0.1   0   0.008185538881309686   0   0   
0.0552466856778   0.0   0   0.007730786721236926   1   0   
0.165254253552   0.1   0   0.0050022737608003635   0   0   
0.0206196792441   0.0   0   0.001364256480218281   0   0   
0.154048688219   0.2   0   0.008640291041382447   1   0   
0.00893631807654   0.0   0   0.001364256480218281   0   0   
0.0651055220817   0.0   0   0.0050022737608003635   0   0   
0.0142568389363   0.0   0   0.0018190086402910413   0   0   
0.0378280682584   0.0   0   0.002728512960436562   0   0   
0.0115827736643   0.0   0   0.0018190086402910413   0   0   
0.0170713592981   0.0   0   0.0018190086402910413   0   0   
0.114073275027   0.1   0   0.005457025920873124   0   0   
0.115635476844   0.2   0   0.009549795361527967   3   0   
0.278498764872   0.4   0   0.0068212824010914054   0   0   
0.298853674652   0.3   0   0.009095043201455207   1   0   
0.264049664736   0.2   0   0.008185538881309686   2   0   
0.20032678756   0.3   0   0.005457025920873124   0   0   
0.168332922695   0.2   0   0.004092769440654843   0   0   
0.0174476464633   0.0   0   0.002273760800363802   0   0   
0.296760676052   0.4   0   0.010459299681673489   2   0   
0.027846197225   0.1   0   0.0009095043201455207   0   0   
0.0328548567398   0.0   0   0.0018190086402910413   0   0   
0.0871028015343   0.0   0   0.007730786721236926   2   0   
0.0900996805736   0.0   0   0.005911778080945885   2   0   
0.191256766611   0.2   0   0.007730786721236926   0   0   
0.230402398356   0.3   0   0.006366530241018645   0   0   
0.154915618326   0.1   0   0.005911778080945885   2   0   
0.0354992384922   0.1   0   0.004092769440654843   0   0   
0.0419491743963   0.1   0   0.0031832651205093224   0   0   
0.011791456724   0.0   0   0.0009095043201455207   0   0   
0.0522918119384   0.0   0   0.0036380172805820826   0   0   
0   0.0   0   0.0   0   0   
0.00262398328196   0.0   1   0.00045475216007276033   0   0   
