0.329773061642   0.1   1   0.005911778080945885   0   0   
0.188346538534   0.0   0   0.0050022737608003635   0   1.0   
0.170563844074   0.0   0   0.004092769440654843   0   1.8563488385776752   
0.231014793559   0.1   0   0.002273760800363802   0   1.8563488385776752   
0.431342801003   0.2   0   0.009549795361527967   0   1.8563488385776752   
0.313691800433   0.2   0   0.004547521600727604   0   1.8563488385776752   
0.502940078129   0.3   0   0.0068212824010914054   0   1.8563488385776752   
0.399621199355   0.2   0   0.004092769440654843   0   1.8563488385776752   
0.664667771125   0.4   0   0.007276034561164165   0   1.8563488385776752   
0.575833213682   0.4   0   0.0036380172805820826   0   2.769959170173319   
0.523727958332   0.5   0   0.005911778080945885   0   2.769959170173319   
0.650461427144   0.2   0   0.010004547521600727   0   2.769959170173319   
0.706439578596   0.3   0   0.008185538881309686   0   2.769959170173319   
0.518572664408   0.1   0   0.005457025920873124   0   2.769959170173319   
0.306353637168   0.2   0   0.0050022737608003635   0   2.769959170173319   
0.453537333951   0.3   0   0.005911778080945885   0   2.769959170173319   
0.915089312303   0.3   0   0.010914051841746248   0   3.5537761714299028   
0.906544114268   0.5   0   0.013642564802182811   0   3.5537761714299028   
0.349016412831   0.1   0   0.006366530241018645   0   3.5537761714299028   
0.271646422396   0.2   0   0.004547521600727604   0   4.475730617159192   
0.658220134554   0.3   0   0.010914051841746248   0   5.070849652871096   
0.455961252665   0.5   0   0.004547521600727604   0   5.992804098600384   
0.321049376947   0.2   0   0.006366530241018645   0   5.992804098600384   
0.0334162844656   0.1   0   0.001364256480218281   0   5.992804098600384   
0.266039814076   0.2   0   0.002728512960436562   0   5.992804098600384   
0.245032339208   0.0   0   0.008640291041382447   0   5.992804098600384   
0.118023667437   0.0   0   0.004547521600727604   0   5.992804098600384   
0.238275700277   0.1   0   0.002273760800363802   0   5.992804098600384   
0.101811172818   0.1   0   0.004092769440654843   0   5.992804098600384   
0.169714400655   0.1   0   0.0050022737608003635   0   5.992804098600384   
0.284314004466   0.4   0   0.005911778080945885   0   6.699910879786932   
0.272753622631   0.2   0   0.004547521600727604   3   6.699910879786932   
0.0995826444593   0.1   0   0.002728512960436562   0   6.699910879786932   
0.0588629030905   0.0   0   0.002273760800363802   0   6.699910879786932   
0.0189252792393   0.0   0   0.0009095043201455207   0   6.699910879786932   
0.235658303778   0.1   0   0.002728512960436562   0   6.699910879786932   
0.186351195747   0.0   0   0.0050022737608003635   0   6.699910879786932   
0.131007746208   0.1   0   0.004092769440654843   0   6.699910879786932   
0.281596600308   0.3   0   0.002728512960436562   0   6.699910879786932   
0.478284407315   0.3   0   0.011368804001819008   0   6.699910879786932   
0.112437410604   0.1   0   0.0031832651205093224   0   6.699910879786932   
0.29505413656   0.1   0   0.0050022737608003635   0   7.508518419849572   
0.0785791454013   0.0   0   0.002273760800363802   0   6.758770746140202   
0.229749794626   0.1   0   0.002273760800363802   0   6.758770746140202   
0.151699714126   0.1   0   0.005457025920873124   0   6.758770746140202   
0.135934224722   0.1   1   0.004547521600727604   0   0   
