0.67994890466   0.5   1   0.010459299681673489   0   0   
0.378731715663   0.1   0   0.004547521600727604   0   0   
0.435520264968   0.2   0   0.006366530241018645   0   0   
0.632938115364   0.2   0   0.010004547521600727   0   0   
0.351918590769   0.3   0   0.004547521600727604   0   0   
0.480382870043   0.2   0   0.007730786721236926   0   0   
0.44290743148   0.3   0   0.0068212824010914054   0   0   
0.317227919499   0.3   0   0.0036380172805820826   0   0   
0.530164664388   0.4   0   0.009095043201455207   0   0   
0.108201438008   0.0   0   0.001364256480218281   0   0   
0.506903179117   0.5   0   0.007730786721236926   0   1.0   
0.402648716654   0.3   0   0.007730786721236926   2   1.951189731211342   
0.499600416237   0.3   0   0.009095043201455207   0   1.951189731211342   
0.122623361653   0.0   0   0.002273760800363802   1   1.951189731211342   
0.384809803112   0.3   0   0.004547521600727604   0   1.951189731211342   
0.48057205555   0.2   0   0.010004547521600727   0   2.0497939025681293   
0.44123741574   0.4   0   0.007730786721236926   0   2.0497939025681293   
0.149966408775   0.1   0   0.0036380172805820826   0   2.0497939025681293   
0.336629588712   0.1   0   0.004547521600727604   0   2.0497939025681293   
0.194537487666   0.1   0   0.0036380172805820826   0   2.0497939025681293   
0.188414326074   0.0   0   0.0036380172805820826   0   2.0497939025681293   
0.40414769676   0.2   0   0.0068212824010914054   0   2.0497939025681293   
0.235471722149   0.2   0   0.004547521600727604   1   2.791413751277695   
0.145090467348   0.1   0   0.002273760800363802   1   2.791413751277695   
0.307466819038   0.1   0   0.0050022737608003635   2   2.315885061750558   
0.255736184202   0.1   1   0.0068212824010914054   4   0   
