0.463271910922   0.5   1   0.008185538881309686   1   1.0   
0.141495690939   0.1   0   0.004092769440654843   0   1.7071067811865477   
0.378877700204   0.4   0   0.015006821282401092   0   1.7071067811865477   
0.324040976194   0.4   0   0.004547521600727604   0   2.3779271744364845   
0.340434920752   0.3   0   0.010459299681673489   1   3.2625789113658676   
0.0872051006632   0.2   0   0.002728512960436562   0   3.2625789113658676   
0.191020243239   0.3   0   0.004092769440654843   0   3.9696856925524155   
0.293529994683   0.2   0   0.0036380172805820826   0   3.6464571283682767   
0.217134178466   0.2   0   0.004547521600727604   0   4.462953709296003   
0.111925195231   0.0   0   0.005911778080945885   0   4.462953709296003   
0.328481708884   0.3   0   0.005911778080945885   0   5.247418249848739   
0.332479368221   0.3   0   0.004092769440654843   0   3.2262910169140526   
0.275064912681   0.3   0   0.002728512960436562   1   3.9611379397490056   
0.0602927059605   0.0   0   0.004092769440654843   0   3.9611379397490056   
0.283762243734   0.3   0   0.0036380172805820826   0   4.385402008460934   
0.313023716633   0.2   0   0.0036380172805820826   0   4.809666077172862   
0.0826298536933   0.2   0   0.004092769440654843   0   4.809666077172862   
0.0443253979621   0.0   0   0.002728512960436562   0   4.809666077172862   
0.186847633135   0.3   0   0.005911778080945885   1   4.976076136040431   
0.301349295351   0.3   0   0.004547521600727604   0   5.322486297554207   
0.213780351961   0.1   0   0.004547521600727604   0   5.512222957164309   
0.228927494264   0.1   0   0.004547521600727604   1   5.7019596167744115   
0.0611927393218   0.2   0   0.0031832651205093224   0   5.7019596167744115   
0.0970894648563   0.1   0   0.004547521600727604   0   5.7019596167744115   
0.540935146591   0.5   0   0.009549795361527967   0   5.963821085057603   
0.0965604329938   0.1   0   0.005457025920873124   0   5.963821085057603   
0.329568678416   0.3   0   0.008640291041382447   0   6.1014705253799395   
0.225159559362   0.2   0   0.002728512960436562   0   6.346419499658257   
0.172805417739   0.2   0   0.009095043201455207   0   6.346419499658257   
0.415193226706   0.4   0   0.007276034561164165   0   6.614747656958231   
0.390227335005   0.3   0   0.008640291041382447   0   7.16534541824758   
0.201935077921   0.2   0   0.002273760800363802   0   7.433673575547555   
0.300105264565   0.3   0   0.010004547521600727   1   7.5513432566304655   
0.127657563786   0.1   0   0.006366530241018645   0   7.5513432566304655   
0.138547456229   0.0   0   0.008185538881309686   0   7.5513432566304655   
0.175975574076   0.1   0   0.0050022737608003635   0   8.094063676870439   
0.159712477323   0.1   0   0.00045475216007276033   0   8.694063676870439   
0.173306054642   0.1   0   0.004547521600727604   0   9.073536996090644   
0.362238789118   0.4   0   0.005457025920873124   0   9.766357319118194   
0.47778081417   0.4   0   0.011368804001819008   0   10.126357319118194   
0.147725839379   0.2   0   0.007276034561164165   0   10.276357319118194   
0.397278140892   0.5   0   0.009549795361527967   0   10.538218787401386   
0.0816566689924   0.1   0   0.005911778080945885   0   10.538218787401386   
0.434416599699   0.3   0   0.010459299681673489   0   10.645981968617448   
0.167651214316   0.2   0   0.004092769440654843   0   11.245981968617448   
0.32689473085   0.2   0   0.009095043201455207   2   11.380146047267436   
0.777160394346   0.3   0   0.01682582992269213   2   11.654643473866123   
0.0612111249672   0.0   0   0.0031832651205093224   0   11.654643473866123   
0.0719068282657   0.1   0   0.002273760800363802   0   11.654643473866123   
0.244811518787   0.2   0   0.0031832651205093224   2   11.881422157671661   
0.263001951423   0.1   0   0.009095043201455207   3   12.015586236321647   
0.38412198218   0.2   0   0.004092769440654843   0   12.377399849814964   
0.0830069756772   0.0   0   0.0068212824010914054   0   12.377399849814964   
0.254249088829   0.1   0   0.007276034561164165   0   12.527399849814962   
0.236995721822   0.1   0   0.0036380172805820826   0   12.739531884170928   
0.303535782086   0.3   0   0.008185538881309686   1   13.022374596645546   
0.273419994267   0.2   0   0.005457025920873124   0   13.343088086940456   
0.159341490598   0.1   0   0.005457025920873124   0   13.343088086940456   
0.210409174349   0.2   0   0.004547521600727604   0   13.53282474655056   
0.14480924754   0.1   0   0.008185538881309686   0   13.53282474655056   
0.217003727446   0.2   0   0.0036380172805820826   0   13.744956780906524   
0.45998211579   0.4   0   0.015006821282401092   2   13.93236529517285   
0.333907148995   0.2   0   0.009095043201455207   0   14.060285724986217   
0.305332959297   0.3   0   0.007730786721236926   1   14.351328475029817   
0.3545882444   0.2   0   0.011368804001819008   0   14.471328475029816   
0.415054269348   0.4   0   0.0068212824010914054   0   14.78116714272641   
0.215078681681   0.2   0   0.004092769440654843   0   14.98116714272641   
0.177732877517   0.2   0   0.009549795361527967   0   14.98116714272641   
0.448812217437   0.3   0   0.0068212824010914054   0   15.417731267791806   
0.452911430965   0.1   0   0.010914051841746248   0   15.644509951597342   
0.0839814849414   0.1   0   0.0031832651205093224   0   15.644509951597342   
0.10933407181   0.1   0   0.002273760800363802   0   15.912838108897315   
0.456861380531   0.5   0   0.010914051841746248   1   16.13961679270285   
0.208413852053   0.1   0   0.007730786721236926   0   16.28513816772465   
0.300212574752   0.3   0   0.007730786721236926   0   16.43065954274645   
0.110489279311   0.2   0   0.0050022737608003635   0   16.43065954274645   
0.0368478081087   0.0   0   0.0036380172805820826   0   16.43065954274645   
0.632369466151   0.3   0   0.019099590723055934   3   16.702019752866438   
0.134602501133   0.2   0   0.002273760800363802   0   16.97034791016641   
0.267807344004   0.1   0   0.005911778080945885   1   17.13675796903398   
0.36684042969   0.4   0   0.007730786721236926   2   17.274407409356318   
0.307177993793   0.3   0   0.009549795361527967   3   17.274407409356318   
0.38248647379   0.2   0   0.010004547521600727   3   17.402327839169686   
0.275445214861   0.2   0   0.0036380172805820826   2   17.61445987352565   
0.424663973496   0.3   0   0.010004547521600727   2   17.859408847803966   
0.271736757885   0.3   0   0.0050022737608003635   3   18.040315654550625   
0.200350194198   0.2   0   0.002728512960436562   0   18.28526462882894   
0.171867172332   0.2   0   0.004547521600727604   2   18.28526462882894   
0.223562860354   0.1   0   0.008640291041382447   2   18.28526462882894   
0.510094626721   0.1   0   0.011368804001819008   5   18.608554172477138   
0.495815476396   0.3   0   0.008640291041382447   3   19.13227710904352   
0.0269279051436   0.1   0   0.0018190086402910413   1   19.13227710904352   
0.670757505119   0.4   0   0.01318781264211005   1   19.550063483337194   
0.38661077431   0.3   0   0.008185538881309686   5   19.805904342963924   
0.315825790607   0.2   1   0.004092769440654843   0   0   
