0.826494936762   0.9   1   0.008185538881309686   0   1.0   
0.697718519147   0.4   0   0.009549795361527967   2   1.9043106644167025   
0.899120277788   0.3   0   0.015006821282401092   0   2.4052189303787355   
0.649945927995   0.6   0   0.009549795361527967   0   3.298266266824103   
0.263243763046   0.2   0   0.004092769440654843   0   3.298266266824103   
0.432984988524   0.3   0   0.006366530241018645   0   3.788164215380739   
0.67782296409   0.5   0   0.007276034561164165   0   4.080724778442572   
0.63583264759   0.5   0   0.008640291041382447   1   4.4227175624709565   
0.344150996534   0.3   0   0.004092769440654843   0   5.168073554970887   
0.32172416852   0.3   0   0.004092769440654843   0   5.66497754997084   
0.376664409825   0.3   0   0.005457025920873124   0   5.66497754997084   
0.655707083297   0.6   0   0.007730786721236926   0   6.026528313001934   
0.388492024952   0.3   0   0.005911778080945885   0   6.026528313001934   
0.250238305395   0.3   0   0.005457025920873124   0   6.456859795913869   
0.771146989793   0.7   0   0.01227830832196453   0   7.010496328272135   
0.134070100899   0.1   0   0.0031832651205093224   0   7.29221441318164   
0.528063996758   0.5   0   0.008185538881309686   0   7.994942782107946   
0.218309874781   0.2   0   0.0031832651205093224   0   8.276660867017451   
0.607059121368   0.3   0   0.010004547521600727   0   8.885241486467637   
0.483384178738   0.3   0   0.006366530241018645   0   9.283651022912434   
0.917704535856   0.7   0   0.01318781264211005   1   9.953000463664516   
0.951681939675   0.6   0   0.01182355616189177   0   10.142414704623418   
0.37957968975   0.2   0   0.0068212824010914054   0   10.142414704623418   
0.516613037524   0.5   0   0.008185538881309686   2   10.465163316807368   
0.24483673262   0.0   0   0.004547521600727604   1   10.898176018699589   
0.676169492088   0.4   1   0.009095043201455207   0   0   
