0.136405331668   0.0   1   0.0031832651205093224   0   1.0   
0.142711253658   0.0   0   0.002728512960436562   0   1.0   
0.465314583502   0.2   0   0.006366530241018645   0   1.7071067811865477   
0.413172395767   0.3   0   0.004092769440654843   0   2.3687304352511145   
0.536859402324   0.4   0   0.007276034561164165   2   2.7437304352511145   
0.221603029915   0.0   0   0.0036380172805820826   0   2.7437304352511145   
0.245727739799   0.2   0   0.0031832651205093224   2   3.419742798757819   
0.264805147387   0.0   0   0.0050022737608003635   0   3.419742798757819   
0.177889544704   0.1   0   0.0031832651205093224   0   3.419742798757819   
0.16735968648   0.2   0   0.002273760800363802   1   4.01135077706778   
0.286143823915   0.1   0   0.004547521600727604   0   4.429680790334818   
0.281132406676   0.1   0   0.006366530241018645   0   4.429680790334818   
0.469090188789   0.3   0   0.0068212824010914054   0   4.771245815866805   
0.495358046925   0.1   0   0.010459299681673489   5   5.04708445805049   
0.313994591537   0.0   0   0.0068212824010914054   3   5.388649483582476   
0.276902600753   0.1   0   0.0068212824010914054   3   5.388649483582476   
0.0686608709291   0.0   0   0.002728512960436562   0   5.388649483582476   
0.530655505805   0.3   0   0.007276034561164165   0   6.050087311348625   
0.562415901772   0.3   0   0.009095043201455207   1   6.614163386166391   
0.160564981538   0.1   0   0.002273760800363802   1   6.614163386166391   
0.143085598756   0.1   0   0.002273760800363802   0   6.614163386166391   
0.329479207119   0.2   0   0.005457025920873124   0   6.614163386166391   
0.480469719272   0.4   0   0.0050022737608003635   2   6.614163386166391   
0.449995530543   0.5   0   0.004547521600727604   0   6.614163386166391   
0.571645501701   0.5   0   0.005911778080945885   0   6.614163386166391   
0.480864992929   0.4   0   0.006366530241018645   0   6.614163386166391   
0.376127112809   0.1   0   0.0068212824010914054   0   6.935007860126265   
0.553195045221   0.3   0   0.008185538881309686   2   6.935007860126265   
0.692453847782   0.2   0   0.010004547521600727   2   7.19444512095765   
0.73293555204   0.7   0   0.006366530241018645   0   7.19444512095765   
0.404521111475   0.2   0   0.0050022737608003635   0   7.19444512095765   
0.133697765923   0.0   0   0.0018190086402910413   0   7.19444512095765   
0.389574004566   0.0   0   0.010914051841746248   10   7.19444512095765   
0.309015471116   0.1   0   0.004092769440654843   0   7.19444512095765   
0.404851137609   0.3   0   0.005911778080945885   0   7.19444512095765   
0.717662161472   0.6   0   0.006366530241018645   0   7.19444512095765   
0.320578853492   0.2   0   0.004092769440654843   0   7.19444512095765   
0.508358013009   0.5   0   0.0050022737608003635   0   7.5933071385663835   
0.257821835724   0.2   0   0.0031832651205093224   0   8.093307138566383   
0.254979780234   0.1   0   0.005457025920873124   0   8.80041391975293   
0.154091429416   0.1   0   0.002728512960436562   0   9.340475644620252   
0.280086228434   0.2   0   0.004092769440654843   0   9.340475644620252   
0.245440628345   0.1   0   0.0036380172805820826   0   9.808182817966994   
0.310177676195   0.2   0   0.004092769440654843   0   9.808182817966994   
0.334294917635   0.2   1   0.005911778080945885   0   0   
