0.810768041407   0.6   1   0.01637107776261937   0   1.0   
0.049475204357   0.0   0   0.0018190086402910413   0   1.0   
0.54237559782   0.5   0   0.010459299681673489   0   1.0   
0.424973653248   0.4   0   0.008640291041382447   0   1.0   
0.40431608529   0.5   0   0.0068212824010914054   1   1.0   
0.390370111414   0.3   0   0.007730786721236926   0   1.0   
0.350417250187   0.2   0   0.006366530241018645   0   1.5916079783099615   
0.438088253301   0.4   0   0.01182355616189177   1   2.3254073640153043   
0.131962528683   0.1   0   0.004092769440654843   0   2.3254073640153043   
0.0775095753347   0.1   0   0.002273760800363802   0   2.3254073640153043   
0.443107231158   0.6   0   0.007276034561164165   1   2.3254073640153043   
0.104704808322   0.3   0   0.002728512960436562   0   2.3254073640153043   
0.149769608974   0.2   0   0.0018190086402910413   0   2.3254073640153043   
0.509613591816   0.4   0   0.009549795361527967   0   2.424015371486989   
0.62919452923   0.6   0   0.010914051841746248   1   2.424015371486989   
0.630543797655   0.6   0   0.01227830832196453   2   2.424015371486989   
0.33406258806   0.3   0   0.008640291041382447   4   2.424015371486989   
0.3199301289   0.4   0   0.005911778080945885   1   2.424015371486989   
0   0.0   0   0.0   0   2.424015371486989   
0   0.0   0   0.0   0   2.424015371486989   
0   0.0   0   0.0   0   2.424015371486989   
0.0790088961217   0.0   0   0.0031832651205093224   0   2.424015371486989   
0.277230500854   0.4   0   0.005457025920873124   0   2.424015371486989   
0.286685264056   0.3   0   0.0050022737608003635   0   2.424015371486989   
0.118017799701   0.1   0   0.002273760800363802   0   2.424015371486989   
0.0740840465287   0.1   0   0.002273760800363802   2   2.424015371486989   
0.198410322728   0.2   0   0.004092769440654843   1   2.424015371486989   
0.495739089039   0.5   0   0.010004547521600727   0   2.424015371486989   
0.219503941294   0.1   0   0.004547521600727604   0   2.424015371486989   
0.0579420088317   0.0   0   0.0018190086402910413   0   2.424015371486989   
0.181517085047   0.2   0   0.002728512960436562   0   2.424015371486989   
0.3207528026   0.3   0   0.007730786721236926   0   2.424015371486989   
0.207323161981   0.2   0   0.0036380172805820826   0   2.424015371486989   
0.252186740312   0.2   0   0.0050022737608003635   0   2.424015371486989   
0.150629028827   0.1   0   0.005911778080945885   1   2.424015371486989   
0.539797653603   0.2   0   0.01227830832196453   6   2.424015371486989   
0.138282580377   0.1   0   0.002728512960436562   0   2.424015371486989   
0.156458369392   0.2   0   0.0031832651205093224   0   2.424015371486989   
0.567282664508   0.7   0   0.010914051841746248   1   2.424015371486989   
0.40066711648   0.1   0   0.008640291041382447   0   2.9496728545248354   
0.10346247621   0.0   0   0.002728512960436562   0   2.9496728545248354   
0.2740977121   0.1   0   0.006366530241018645   0   2.9496728545248354   
0.381449046165   0.2   0   0.007276034561164165   0   2.9496728545248354   
0.515426508882   0.5   0   0.015006821282401092   1   2.9496728545248354   
0.35063396812   0.3   0   0.01273306048203729   1   2.9496728545248354   
0.0856065319027   0.0   0   0.002728512960436562   0   2.9496728545248354   
0.190653920953   0.3   0   0.004547521600727604   0   2.9496728545248354   
0.188073114571   0.2   0   0.005911778080945885   0   2.9496728545248354   
0.24451723274   0.1   0   0.009095043201455207   0   2.919057302603397   
0.403289678476   0.3   0   0.013642564802182811   1   3.7355538835311224   
0.162087540006   0.0   0   0.006366530241018645   0   4.480909876031053   
0.0685256554921   0.0   0   0.002728512960436562   0   4.480909876031053   
0.0530873937555   0.0   0   0.002728512960436562   0   5.089490495481237   
0.180212138845   0.0   1   0.007730786721236926   0   0   
