0.940621725   0.7   1   0.01273306048203729   1   1.0   
0.914268081612   0.7   0   0.010004547521600727   0   1.4670993664969136   
0.230893946623   0.1   0   0.0018190086402910413   0   1.4670993664969136   
0.50791331127   0.5   0   0.0068212824010914054   0   2.0327847914461517   
0.355236491701   0.2   0   0.0050022737608003635   0   2.693363050521968   
0.779562322773   0.2   0   0.007730786721236926   0   2.9446753954969855   
0.300488497885   0.2   0   0.0036380172805820826   0   3.719272064738469   
0.380310705516   0.3   0   0.0068212824010914054   0   3.9705844097134864   
0.235783190503   0.2   0   0.0068212824010914054   1   3.9705844097134864   
0.620000979465   0.3   0   0.009549795361527967   4   3.9705844097134864   
0.317775669102   0.2   0   0.0050022737608003635   0   4.300873539251395   
0.0724139836233   0.0   0   0.002273760800363802   0   4.300873539251395   
0.0167679157459   0.0   0   0.0009095043201455207   0   4.300873539251395   
0.417991341013   0.3   0   0.0036380172805820826   0   4.688171873872136   
0.375610515519   0.2   0   0.005457025920873124   0   5.004399639888974   
0.565940714598   0.4   0   0.005911778080945885   0   5.612043260139175   
0.668413009714   0.3   0   0.007730786721236926   0   5.863355605114192   
0.295779057745   0.2   0   0.004092769440654843   0   6.593652348454413   
0.668578375417   0.5   0   0.009095043201455207   0   7.328499271289367   
0.365976857887   0.2   0   0.005457025920873124   0   7.960954803323043   
0.541871056382   0.3   0   0.006366530241018645   3   8.253724825207604   
0.638095186832   0.3   0   0.010004547521600727   7   8.46074449301031   
0.565084124004   0.3   0   0.0036380172805820826   0   9.235341162251792   
0.294542818963   0.3   0   0.005911778080945885   0   9.518183874726411   
0.583305593621   0.3   0   0.008640291041382447   0   8.574784179959488   
0.0184112557144   0.1   0   0.00045475216007276033   0   9.446563968667624   
0.0672815122433   0.0   0   0.0018190086402910413   0   9.446563968667624   
0.739397927827   0.3   0   0.007730786721236926   1   9.646563968667623   
0.581697685495   0.6   0   0.006366530241018645   0   10.112549866676197   
0.480298022145   0.3   0   0.005457025920873124   0   10.867533310203271   
0.0189421340486   0.0   0   0.0009095043201455207   0   10.867533310203271   
0.364257499862   0.2   0   0.005911778080945885   0   11.24800920268781   
0.75821034734   0.4   0   0.006366530241018645   0   10.123340188759556   
0.294628214499   0.2   0   0.004092769440654843   0   11.06614923034162   
1.64633690509   0.8   0   0.019099590723055934   1   11.458381500617989   
0.121456606497   0.0   0   0.002728512960436562   0   11.458381500617989   
0.413228874122   0.2   0   0.008185538881309686   0   11.791714833951321   
0.363750346684   0.2   0   0.004547521600727604   0   11.791714833951321   
0.360004190138   0.2   0   0.005457025920873124   2   11.791714833951321   
0.504671805195   0.2   0   0.0068212824010914054   3   11.791714833951321   
0.294223308297   0.2   0   0.0031832651205093224   0   12.593498559688594   
0.659831440077   0.4   0   0.0050022737608003635   0   12.806699276044204   
0.615255925058   0.4   0   0.005911778080945885   0   13.00281541118239   
0.903978877403   0.3   0   0.008640291041382447   1   13.150257367337286   
0.717298456043   0.2   0   0.007730786721236926   0   13.312478788468047   
0.415867779458   0.3   0   0.0031832651205093224   0   13.57974003038047   
0.385463614705   0.4   0   0.0036380172805820826   0   13.57974003038047   
0.528214155585   0.3   0   0.005911778080945885   0   13.775856165518656   
0.676056742677   0.4   0   0.009095043201455207   1   13.775856165518656   
0.291255586806   0.2   0   0.004547521600727604   0   13.979980310750586   
0.857588838066   0.5   0   0.01318781264211005   1   14.212475588238224   
0.388928816243   0.4   0   0.005911778080945885   1   14.800823993652775   
0.22753787112   0.3   0   0.004092769440654843   0   15.507930774839323   
0.664942920961   0.5   0   0.010459299681673489   0   15.950256643304014   
0.00688605410362   0.0   0   0.00045475216007276033   0   15.950256643304014   
0   0.0   0   0.0   0   15.950256643304014   
0   0.0   0   0.0   0   15.950256643304014   
0.424761477698   0.3   1   0.008185538881309686   0   0   
