0.172484382507   0.2   1   0.007276034561164165   0   0   
0.296294160056   0.1   0   0.008640291041382447   0   1.0   
0.260046981954   0.4   0   0.005911778080945885   0   1.604470524826989   
0.134050837184   0.0   0   0.0050022737608003635   0   1.604470524826989   
0.521472224242   0.5   0   0.010004547521600727   0   1.6905995237143725   
0.222893075163   0.2   0   0.004092769440654843   0   2.3159882916908296   
0.283689809455   0.3   0   0.007730786721236926   0   2.5435068752886383   
0.237289640237   0.2   0   0.005457025920873124   0   2.8143081554431704   
0.406472783684   0.4   0   0.010459299681673489   0   3.377158046621982   
0.336153906237   0.4   0   0.007730786721236926   0   4.059713797415407   
0.125750096876   0.1   0   0.0031832651205093224   0   4.414275901586575   
0.234069676799   0.2   0   0.005911778080945885   0   5.194808264292164   
0.262644295941   0.3   0   0.010004547521600727   0   5.394808264292164   
0.368799473843   0.4   0   0.0068212824010914054   2   6.304882598683397   
0.485509761269   0.2   0   0.010459299681673489   2   6.827475603110229   
0.221176871253   0.2   0   0.0050022737608003635   0   7.110318315584848   
0.205926129635   0.1   0   0.005457025920873124   0   7.6519208758939135   
0.138712028835   0.1   0   0.004547521600727604   0   7.948568815377739   
0.28038881099   0.4   0   0.004547521600727604   0   8.541864694345392   
0.148111221231   0.2   0   0.002728512960436562   0   8.924835537447928   
0.368217263931   0.4   0   0.010004547521600727   3   9.52483553744793   
0.292540781179   0.3   0   0.01318781264211005   3   9.85143416981902   
0.241928048955   0.3   0   0.008640291041382447   0   10.066645204558608   
0.0851577288382   0.0   0   0.006366530241018645   0   10.066645204558608   
0.0210430155765   0.0   0   0.001364256480218281   0   10.066645204558608   
0.0172920951291   0.0   0   0.0009095043201455207   0   10.066645204558608   
0.196741510039   0.1   0   0.004092769440654843   3   11.004728356523295   
0.0695154920697   0.1   0   0.0031832651205093224   2   11.35929046069446   
0.191166616307   0.3   0   0.004547521600727604   0   11.35929046069446   
0.350997587742   0.4   0   0.006366530241018645   0   11.860716997116867   
0.0944912511417   0.1   0   0.004547521600727604   0   12.131518277271399   
0.279937638105   0.2   0   0.007730786721236926   0   12.359036860869207   
0.121648654963   0.0   0   0.006366530241018645   0   12.359036860869207   
0.132336802536   0.0   0   0.007276034561164165   0   12.359036860869207   
0.282098138148   0.4   0   0.006366530241018645   0   13.062599224842721   
0.157128133444   0.1   0   0.004547521600727604   0   13.655895103810375   
0.272617383095   0.3   0   0.007730786721236926   0   14.110932271005991   
0.180604371499   0.1   0   0.0036380172805820826   0   14.44259475004153   
0.163532338885   0.1   0   0.0050022737608003635   0   14.725437462516151   
0.293253095861   0.3   0   0.007730786721236926   1   15.180474629711767   
0.217563686881   0.2   0   0.0050022737608003635   0   15.463317342186386   
0.182433201927   0.1   0   0.004092769440654843   0   15.463317342186386   
0.210241525744   0.2   0   0.0031832651205093224   0   15.53747891673665   
0.257291370823   0.1   0   0.0036380172805820826   0   15.53747891673665   
0.0599413030826   0.0   0   0.0031832651205093224   0   15.870812250069985   
0.517993692492   0.2   0   0.008185538881309686   0   15.870812250069985   
0.340865490292   0.2   0   0.0068212824010914054   0   15.870812250069985   
0.338701064022   0.3   0   0.005911778080945885   0   16.1154120453051   
0.381402386665   0.2   0   0.006366530241018645   0   16.556370597149197   
0.105960625348   0.1   0   0.0050022737608003635   1   16.822278608888354   
0.27660858052   0.3   0   0.0050022737608003635   0   17.354094632366664   
0.286436242187   0.4   0   0.006366530241018645   0   17.825499153157697   
0.231318962977   0.2   0   0.0036380172805820826   0   18.137303935388857   
0.0500496966489   0.0   0   0.002273760800363802   0   18.137303935388857   
0.211935824844   0.1   0   0.006366530241018645   0   18.373006195784374   
0.212081157459   0.1   0   0.0050022737608003635   0   18.904822219262684   
0.162177805306   0.1   0   0.0050022737608003635   0   19.17073023100184   
0.0900857683063   0.0   0   0.004547521600727604   0   19.17073023100184   
0.413972493437   0.3   0   0.009549795361527967   1   19.55563041046159   
0.3317614734   0.3   0   0.010459299681673489   6   19.90839725193687   
0.159597454989   0.2   0   0.0036380172805820826   0   19.90839725193687   
0.153945090179   0.1   0   0.005911778080945885   0   19.90839725193687   
0.165880878131   0.1   0   0.005457025920873124   0   20.162984790545526   
0.0988969932868   0.0   0   0.002273760800363802   0   20.162984790545526   
0.235827789069   0.2   0   0.005911778080945885   0   20.40758458578064   
0.105009103951   0.0   0   0.0031832651205093224   0   20.40758458578064   
0.0517618746685   0.0   0   0.0009095043201455207   0   20.40758458578064   
0.019111923694   0.0   0   0.001364256480218281   0   20.40758458578064   
0.305254549133   0.1   0   0.007730786721236926   0   20.62148090175389   
0.282484365131   0.2   0   0.007730786721236926   0   21.04927353370039   
0.299661313716   0.4   0   0.0068212824010914054   0   21.26316984967364   
0.289454405182   0.3   0   0.009095043201455207   0   21.443190424629417   
0.155743338276   0.2   0   0.0050022737608003635   0   21.443190424629417   
0.261964813438   0.1   0   0.004547521600727604   0   21.95236550184673   
0.249559251829   0.2   0   0.007730786721236926   0   22.357016820957988   
0.0652604632729   0.0   0   0.004092769440654843   0   22.357016820957988   
0.124398850819   0.1   0   0.004547521600727604   0   22.357016820957988   
0.0121878408838   0.0   0   0.001364256480218281   0   22.357016820957988   
0.292035788249   0.3   0   0.0068212824010914054   0   22.812436855000637   
0.118211915357   0.1   0   0.0036380172805820826   0   23.124241637231798   
0.0763360264902   0.1   0   0.004547521600727604   0   23.124241637231798   
0.129508456952   0.1   0   0.007276034561164165   3   23.344720913153846   
0.150932159434   0.1   0   0.004092769440654843   0   23.63869328104991   
0.148303577541   0.1   0   0.005911778080945885   0   23.883293076285025   
0.465320575682   0.2   0   0.010459299681673489   0   24.222743127763238   
0.137783908564   0.2   0   0.002273760800363802   0   24.222743127763238   
0.267885094282   0.1   0   0.005911778080945885   0   24.222743127763238   
0.495021745084   0.2   0   0.006366530241018645   0   24.41994578719989   
0.379429627433   0.3   1   0.008640291041382447   3   0   
