0.529966671302   0.4   1   0.005457025920873124   0   1.0   
1.28545724655   0.4   0   0.01409731696225557   1   1.5694947974514997   
1.16545195936   0.7   0   0.011368804001819008   0   2.1326853047504257   
0.438886745647   0.2   0   0.0036380172805820826   0   2.1326853047504257   
0.376426513997   0.2   0   0.0031832651205093224   0   2.1326853047504257   
0.256661058449   0.1   0   0.0031832651205093224   0   2.1326853047504257   
0.747445856885   0.5   0   0.009095043201455207   0   2.971210796312847   
0.407190902903   0.2   0   0.006366530241018645   0   3.3052873487033776   
0.603419012768   0.5   0   0.0068212824010914054   0   3.608456879998794   
1.18239240914   0.5   0   0.017280582082764895   1   4.149722757364068   
0.163477585257   0.1   0   0.0036380172805820826   0   5.0336062338472525   
0.386858452646   0.2   0   0.005911778080945885   0   5.7269814791287885   
0.341938786768   0.1   0   0.005457025920873124   0   6.39513458390985   
0.312020659449   0.1   0   0.005457025920873124   0   6.755978502153366   
0.929557823426   0.5   0   0.009549795361527967   0   7.654005012287241   
0.536115803537   0.2   0   0.005911778080945885   2   7.654005012287241   
0.301886613613   0.1   0   0.0068212824010914054   1   7.654005012287241   
0.447909820151   0.3   0   0.005457025920873124   1   7.654005012287241   
0.32758194346   0.3   0   0.004547521600727604   1   8.04928971980829   
0.535164856601   0.3   0   0.005457025920873124   1   8.04928971980829   
0.526374880846   0.2   0   0.006366530241018645   0   8.383366272198819   
0.334426301441   0.1   0   0.0050022737608003635   1   8.383366272198819   
0.392676496854   0.2   0   0.004547521600727604   0   8.383366272198819   
0.843674439552   0.5   0   0.008185538881309686   0   8.649867167643333   
0.643803847476   0.3   0   0.0050022737608003635   0   8.996554790284101   
0.153005282471   0.1   0   0.0036380172805820826   0   8.996554790284101   
0.177090787422   0.0   0   0.002728512960436562   0   8.996554790284101   
1.02036679729   0.4   0   0.009549795361527967   1   8.996554790284101   
0.217504356767   0.0   0   0.0036380172805820826   0   8.996554790284101   
0.304026964723   0.2   0   0.0036380172805820826   0   9.438496528525693   
0.590176319083   0.4   0   0.006366530241018645   0   6.339219919620964   
0.27350359314   0.1   0   0.002273760800363802   0   6.339219919620964   
0.222184861089   0.0   0   0.0036380172805820826   0   6.339219919620964   
0.297036720606   0.3   1   0.0036380172805820826   0   0   
