0.67592900095   0.4   1   0.010004547521600727   0   1.0   
0.713479170511   0.8   0   0.010459299681673489   0   1.2556186790727726   
0.680460471343   0.4   0   0.009549795361527967   0   1.7352018314040443   
0.50897619543   0.4   0   0.007276034561164165   0   2.3346807718181344   
0.179376476048   0.1   0   0.004092769440654843   0   2.734333398760861   
0.347216269878   0.2   0   0.005457025920873124   0   3.0804427263824476   
0.221733431162   0.1   0   0.004547521600727604   0   3.0804427263824476   
0.326328067501   0.1   0   0.005457025920873124   0   3.4265520540040337   
0.228441183256   0.1   0   0.004092769440654843   0   3.8262046809467605   
0.504395978993   0.2   0   0.008640291041382447   0   4.101264483056851   
0.44904349111   0.4   0   0.007730786721236926   0   4.68284448109465   
0.289192786433   0.3   0   0.0050022737608003635   0   5.0443438838352606   
0.210605079821   0.1   0   0.005457025920873124   0   5.0443438838352606   
0.466834255667   0.4   0   0.006366530241018645   2   6.0056488005277435   
0.191547824221   0.2   0   0.0031832651205093224   0   6.4588122841152265   
0.0798363443683   0.0   0   0.002728512960436562   1   6.4588122841152265   
0.340386637251   0.2   0   0.005457025920873124   0   6.8049216117368125   
0.316976789187   0.3   0   0.005911778080945885   1   7.469983783497988   
0.605808324749   0.7   0   0.007730786721236926   0   7.422146401785708   
0.749472673023   0.5   0   0.011368804001819008   2   7.792412217374386   
0.733687665569   0.6   0   0.01182355616189177   1   6.175807190478443   
0.248139993972   0.3   0   0.0036380172805820826   2   6.659930108754369   
0.309123996123   0.1   0   0.005911778080945885   0   6.659930108754369   
0.117807141474   0.0   0   0.002273760800363802   0   6.659930108754369   
0.450579324246   0.3   0   0.008640291041382447   0   6.809333684921168   
0.215588569033   0.1   0   0.004092769440654843   0   6.809333684921168   
0.460058550357   0.3   1   0.008185538881309686   1   0   
