0.215148674921   0.2   1   0.007276034561164165   0   1.0   
0.038395320733   0.0   0   0.0018190086402910413   0   1.0   
0.110394392127   0.1   0   0.002273760800363802   0   1.0   
0.0174184358828   0.0   0   0.0009095043201455207   0   1.0   
0.0631289824773   0.0   0   0.002728512960436562   0   1.0   
0.144165255132   0.1   0   0.004547521600727604   0   1.7453559924999298   
0.496286608741   0.6   0   0.010004547521600727   0   2.082455923731551   
0.110308310758   0.2   0   0.002273760800363802   0   2.082455923731551   
0.380583255059   0.3   0   0.007276034561164165   0   2.4777406312525985   
0.163750052897   0.1   0   0.0050022737608003635   0   3.431203220498191   
0.255080771861   0.3   0   0.0050022737608003635   0   3.431203220498191   
0.0498593317175   0.0   0   0.0018190086402910413   0   3.431203220498191   
0.26994913507   0.4   0   0.006366530241018645   0   3.431203220498191   
0.245163113669   0.1   0   0.005911778080945885   0   3.839451510962054   
0.397330144053   0.4   0   0.008185538881309686   2   3.839451510962054   
0.281122598869   0.2   0   0.0068212824010914054   0   3.839451510962054   
0.191285440171   0.1   0   0.006366530241018645   0   3.839451510962054   
0.395159156562   0.3   0   0.010914051841746248   2   3.839451510962054   
0.195392908216   0.3   0   0.0036380172805820826   0   4.398468505337002   
0.151293169262   0.2   0   0.005457025920873124   0   4.398468505337002   
0.0748947181708   0.2   0   0.0009095043201455207   0   4.398468505337002   
0.149148368026   0.2   0   0.002728512960436562   0   4.398468505337002   
0.571024883771   0.8   0   0.01318781264211005   4   4.682449422460534   
0.252332449848   0.0   0   0.008640291041382447   0   4.682449422460534   
0.0791933193827   0.0   0   0.0036380172805820826   0   4.682449422460534   
0.156592273174   0.2   0   0.0036380172805820826   1   5.241466416835482   
0.096148884204   0.1   0   0.0036380172805820826   0   5.800483411210428   
0.175030914887   0.3   0   0.002273760800363802   0   6.507590192396976   
0.034819347768   0.1   0   0.0009095043201455207   0   6.82056561596423   
0.227364058352   0.3   0   0.0036380172805820826   0   7.32056561596423   
0.177607527677   0.1   0   0.007276034561164165   0   7.674119006557503   
0.203152899807   0.1   0   0.0031832651205093224   0   7.674119006557503   
0.312233411817   0.1   0   0.008185538881309686   0   7.975630351135267   
0.0979612270362   0.1   0   0.0031832651205093224   0   7.975630351135267   
0   0.0   0   0.0   0   7.975630351135267   
0   0.0   0   0.0   0   7.975630351135267   
0   0.0   0   0.0   0   7.975630351135267   
0.131691284945   0.1   0   0.0031832651205093224   0   7.975630351135267   
0.114570218788   0.1   0   0.0031832651205093224   0   7.975630351135267   
0.130597760649   0.0   0   0.0050022737608003635   0   7.975630351135267   
0.709728044948   0.4   0   0.015916325602546612   3   8.196493403284961   
0.359984019517   0.4   0   0.010459299681673489   3   8.196493403284961   
0.187708180614   0.3   0   0.004092769440654843   0   8.667897924075993   
0.226105931004   0.1   0   0.008185538881309686   0   8.667897924075993   
0.508248707149   0.3   0   0.011368804001819008   2   8.930510789795438   
0.1470762015   0.2   0   0.0050022737608003635   1   9.35691222250666   
0.16788190196   0.1   0   0.004547521600727604   0   9.804125818006616   
0.0174999701199   0.0   0   0.0009095043201455207   0   9.804125818006616   
0.0813185957603   0.1   0   0.002728512960436562   0   10.304125818006616   
0.303814193808   0.3   0   0.004547521600727604   0   10.304125818006616   
0.176586584188   0.1   0   0.0050022737608003635   0   10.304125818006616   
0.133322631593   0.1   1   0.004092769440654843   0   0   
