0.524976490321   0.1   1   0.007276034561164165   0   0   
0.727803529181   0.4   0   0.01182355616189177   1   0   
0.369853137102   0.2   0   0.004547521600727604   0   0   
0.0139572476793   0.0   0   0.00045475216007276033   0   0   
0.399680421515   0.3   0   0.005911778080945885   0   0   
0.489719263237   0.3   0   0.005911778080945885   0   0   
0.400350259395   0.2   0   0.0050022737608003635   0   0   
0.326952597006   0.1   0   0.0036380172805820826   1   0   
0.339276027568   0.2   0   0.007730786721236926   1   0   
0.594263872499   0.4   0   0.009549795361527967   1   0   
0.381158140735   0.2   0   0.0050022737608003635   0   0   
0.412943083245   0.1   0   0.005911778080945885   0   0   
0.327186489053   0.1   0   0.004547521600727604   0   0   
0.710161313113   0.4   0   0.009095043201455207   0   0   
0.510281250587   0.4   0   0.005911778080945885   1   0   
0.535300272681   0.1   0   0.006366530241018645   0   0   
0.145266558514   0.3   0   0.002728512960436562   0   0   
0.464762746312   0.3   0   0.005911778080945885   0   0   
0.143192502876   0.2   0   0.0018190086402910413   0   0   
0.283689325738   0.1   0   0.004092769440654843   0   0   
0.103572683685   0.1   0   0.001364256480218281   0   0   
0.404848561712   0.3   0   0.0050022737608003635   1   1.0   
0.48621348381   0.3   0   0.008185538881309686   1   1.0   
0.184914729196   0.0   1   0.002728512960436562   1   0   
