0.429352326544   0.2   1   0.007730786721236926   1   1.0   
0.307325104348   0.3   0   0.009549795361527967   0   1.8997354108424376   
0.382391294749   0.3   0   0.005911778080945885   0   2.6612704246646497   
0.234636148359   0.3   0   0.007730786721236926   0   3.535745056859856   
0.325032387955   0.1   0   0.005457025920873124   0   3.535745056859856   
0.0301928514191   0.0   0   0.0009095043201455207   0   3.535745056859856   
0.141775956596   0.0   0   0.0050022737608003635   0   3.535745056859856   
0.27216427224   0.1   0   0.004547521600727604   0   3.535745056859856   
0.133362159082   0.0   0   0.005457025920873124   0   3.535745056859856   
0.54385434323   0.4   0   0.008640291041382447   1   3.246926769754665   
0.564600989615   0.4   0   0.009549795361527967   0   4.202459855660574   
0.496482262938   0.4   0   0.007730786721236926   0   5.202459855660575   
0.332655996452   0.1   0   0.008640291041382447   1   5.702459855660574   
0.19166868467   0.2   0   0.0036380172805820826   0   4.519634635011095   
0.331054038626   0.6   0   0.008185538881309686   0   4.852967968344428   
0.876751660752   0.9   0   0.01409731696225557   0   5.532334188831186   
0.214029414544   0.1   0   0.002728512960436562   0   5.532334188831186   
0.595750213732   0.5   0   0.01182355616189177   0   5.799595430743611   
0.6414649976   0.4   0   0.015461573442473852   0   6.017813320979604   
0.475778402314   0.5   0   0.008185538881309686   0   6.351146654312937   
0.369303478084   0.2   0   0.0050022737608003635   0   6.777548087024158   
0.537596544671   0.5   0   0.01273306048203729   0   7.027548087024158   
0.308896807692   0.2   0   0.006366530241018645   0   7.405512560033385   
0.527697820909   0.2   0   0.01273306048203729   0   7.67277380194581   
0.111286181209   0.1   0   0.0018190086402910413   0   8.379880583132357   
0.0521799074054   0.0   0   0.0018190086402910413   0   8.379880583132357   
0.393786424779   0.4   0   0.005911778080945885   0   8.772112853408725   
0.273535290508   0.2   0   0.004547521600727604   0   9.219326448908683   
0.281375254705   0.2   0   0.002273760800363802   0   9.85178198094236   
0.475533746964   0.2   0   0.0050022737608003635   0   10.244014251218728   
0.139503419727   0.1   0   0.005457025920873124   1   10.244014251218728   
0.199401319497   0.3   0   0.004092769440654843   0   10.670415683929948   
0.115623101968   0.0   0   0.005457025920873124   0   10.670415683929948   
0.304524465338   0.2   0   0.009549795361527967   0   10.953258396404566   
0.280548006626   0.4   0   0.009549795361527967   0   11.24814230871436   
0.17319699863   0.2   1   0.0036380172805820826   0   0   
