0.162736454299   0.1   1   0.0031832651205093224   0   0   
0.328445016977   0.1   0   0.0050022737608003635   0   0   
0.0302147969383   0.0   0   0.0009095043201455207   0   0   
0.394501175134   0.4   0   0.007730786721236926   0   0   
0.171112163757   0.2   0   0.002728512960436562   0   0   
0.322209683481   0.1   0   0.004092769440654843   0   0   
0.324514326494   0.1   0   0.0050022737608003635   0   0   
0.351457273438   0.3   0   0.004547521600727604   3   0   
0.807283736544   0.4   0   0.013642564802182811   1   0   
0.0595392452417   0.0   0   0.002273760800363802   0   0   
0.250427941338   0.4   0   0.006366530241018645   2   0   
0.579636370286   0.2   0   0.010914051841746248   2   0   
0.503022119668   0.2   0   0.009095043201455207   0   0   
0.111599352413   0.1   0   0.002273760800363802   0   0   
0.286442096305   0.3   0   0.005457025920873124   0   0   
0.750795612442   0.3   0   0.015461573442473852   0   1.0   
0.268358655011   0.2   0   0.004092769440654843   0   1.0   
0.585992327996   0.4   0   0.010004547521600727   2   1.0   
0.425044169527   0.0   0   0.01227830832196453   0   1.0   
0   0.0   0   0.0   0   1.0   
0.349602285262   0.2   0   0.006366530241018645   0   1.0   
0.273230282559   0.3   0   0.0050022737608003635   0   1.0   
0.710911158085   0.3   0   0.01273306048203729   0   1.0   
0.0710916747995   0.0   0   0.0018190086402910413   0   1.0   
0.365081914369   0.1   0   0.0050022737608003635   0   1.0   
0.524830369725   0.3   0   0.009549795361527967   0   1.0   
0.328757993257   0.5   0   0.005457025920873124   0   1.0   
0.336970148328   0.3   0   0.0050022737608003635   0   1.0   
0.21651581721   0.1   0   0.002728512960436562   0   1.0   
0.584927410012   0.4   0   0.010914051841746248   1   1.816496580927726   
0.201422457947   0.1   0   0.002273760800363802   0   1.816496580927726   
0.255646039179   0.2   0   0.002273760800363802   0   1.816496580927726   
0.0747885285422   0.0   1   0.002273760800363802   0   0   
