0.446282143282   0.4   1   0.007276034561164165   0   1.0   
0.346054009771   0.1   0   0.004092769440654843   0   1.4444444444444444   
0.407891927094   0.5   0   0.005457025920873124   2   2.351154056335034   
0.366707668108   0.2   0   0.004092769440654843   0   3.1032554894253894   
0.497975541503   0.5   0   0.0068212824010914054   0   4.069347272504685   
0.467443108068   0.3   0   0.0050022737608003635   0   3.9409908628757937   
0.523939614302   0.2   0   0.005457025920873124   0   4.201199112809061   
0.54824350068   0.3   0   0.01182355616189177   0   4.377975808105697   
0.0959257563046   0.1   0   0.002273760800363802   0   4.377975808105697   
0.59393240482   0.4   0   0.005457025920873124   0   4.89839230797223   
0.380160177968   0.3   0   0.006366530241018645   0   5.34908621740523   
0.208685537152   0.1   0   0.002728512960436562   0   5.717076253502223   
0.612036551875   0.3   0   0.007730786721236926   0   5.935694911551024   
0.34205527658   0.4   0   0.0036380172805820826   0   5.935694911551024   
0.498503166271   0.2   0   0.008185538881309686   0   5.935694911551024   
0.658379538149   0.4   0   0.006366530241018645   0   6.658412995295598   
0.437454039759   0.3   0   0.004547521600727604   0   7.513544564119951   
0.328526310156   0.5   0   0.0050022737608003635   0   7.911455769435271   
0.634180367254   0.2   0   0.007730786721236926   2   8.101677246998442   
0.327631082925   0.2   0   0.0050022737608003635   0   8.601677246998442   
0.0174329865114   0.0   0   0.00045475216007276033   0   8.601677246998442   
0.195326421624   0.3   0   0.002273760800363802   0   9.343297095708008   
0.471958834656   0.3   0   0.0050022737608003635   0   9.843297095708008   
0.268343939072   0.2   0   0.0036380172805820826   0   10.429599065685938   
0.486194560507   0.4   0   0.0031832651205093224   0   11.056382236213947   
0.0217116744336   0.0   0   0.0009095043201455207   0   11.056382236213947   
0.0136349197686   0.0   0   0.00045475216007276033   0   11.056382236213947   
0.532211635563   0.3   0   0.0050022737608003635   0   11.746281894469796   
0.3618162241   0.2   0   0.0050022737608003635   0   11.996281894469796   
0.154081469664   0.0   0   0.002728512960436562   0   11.996281894469796   
0.025029119997   0.0   0   0.00045475216007276033   0   11.996281894469796   
0.203681415509   0.1   0   0.004547521600727604   0   11.996281894469796   
0.0925868228883   0.0   0   0.002273760800363802   0   11.996281894469796   
0.672213383549   0.7   0   0.0068212824010914054   0   12.757167804722478   
0.0372366461334   0.0   0   0.00045475216007276033   0   12.757167804722478   
0.011726389937   0.0   0   0.00045475216007276033   0   12.757167804722478   
0.202931087355   0.1   0   0.002728512960436562   0   13.095669404915643   
0.0315033263969   0.0   0   0.0009095043201455207   0   13.095669404915643   
0.355744464381   0.5   1   0.0036380172805820826   0   0   
