0.703747709398   0.4   1   0.008185538881309686   0   0   
0.213052096818   0.0   0   0.0036380172805820826   0   0   
0.240369151895   0.0   0   0.002728512960436562   0   0   
0.212048163632   0.0   0   0.0036380172805820826   0   0   
1.08132409974   0.5   0   0.010459299681673489   1   1.0   
0.375564832442   0.1   0   0.004547521600727604   0   1.0   
0.708689533415   0.2   0   0.009549795361527967   4   1.0   
0.681270757949   0.4   0   0.005457025920873124   0   1.722315118514615   
0.480261158525   0.0   0   0.006366530241018645   1   2.6481352182871665   
0.506086875441   0.4   0   0.004092769440654843   0   3.2933523716929365   
1.15664137996   0.7   0   0.009095043201455207   2   3.574531977806736   
0.446311916606   0.1   0   0.0068212824010914054   3   3.574531977806736   
0.0693847993125   0.0   0   0.002273760800363802   0   3.574531977806736   
0.166714197424   0.1   0   0.002728512960436562   0   3.574531977806736   
0.372237967578   0.4   0   0.004092769440654843   0   4.356267937777307   
0.630936034261   0.3   0   0.0050022737608003635   0   5.063374718963855   
0.994669895738   0.5   0   0.005911778080945885   0   2.6723776284508225   
0.388438356217   0.3   0   0.0036380172805820826   0   3.2201001859559883   
0.607276557182   0.2   1   0.006366530241018645   0   0   
