0.350908415554   0.2   1   0.009549795361527967   0   1.0   
0.380434440139   0.4   0   0.008185538881309686   1   1.6172133998483675   
0.282473212372   0.1   0   0.009095043201455207   1   1.6172133998483675   
0.0259674266486   0.0   0   0.0009095043201455207   0   1.6172133998483675   
0.0328388068518   0.0   0   0.001364256480218281   0   1.6172133998483675   
0.291456665721   0.2   0   0.007276034561164165   2   2.3243201810349152   
0.167585271591   0.1   0   0.004547521600727604   0   2.3243201810349152   
0.265604631705   0.4   0   0.007276034561164165   2   2.6576535143682487   
0.0840538631121   0.1   0   0.0018190086402910413   0   2.6576535143682487   
0.129560698644   0.1   0   0.0036380172805820826   0   2.6576535143682487   
0.328584491443   0.2   0   0.008185538881309686   0   2.6576535143682487   
0.269489060105   0.1   0   0.005457025920873124   2   2.6576535143682487   
0.203376700238   0.2   0   0.004092769440654843   0   3.1290580351592805   
0.143341988587   0.1   0   0.002728512960436562   0   3.1290580351592805   
0.15447123263   0.2   0   0.0036380172805820826   0   3.6290580351592805   
0.0793101954651   0.0   0   0.0036380172805820826   0   3.6290580351592805   
0.230482035326   0.1   0   0.005911778080945885   0   3.6290580351592805   
0.153338231446   0.1   0   0.0036380172805820826   0   3.6290580351592805   
0.446656961412   0.4   0   0.010459299681673489   0   3.9119007476338994   
0.202257382845   0.1   0   0.0050022737608003635   2   4.33830218034512   
0.351160936149   0.3   0   0.01273306048203729   6   4.360434419058396   
0.0804166483492   0.0   0   0.002728512960436562   0   4.807648014558354   
0.228230051975   0.3   0   0.005457025920873124   0   5.440103546592029   
0.147581456718   0.1   0   0.0036380172805820826   0   5.440103546592029   
0.0884511299781   0.1   0   0.002273760800363802   0   5.930001495148665   
0.170824315499   0.2   0   0.004092769440654843   1   6.6602982384888865   
0.31688954939   0.2   0   0.007730786721236926   0   6.925982704150916   
0.0303466296822   0.0   0   0.001364256480218281   0   6.925982704150916   
0.199059127957   0.0   0   0.006366530241018645   0   7.218752726035476   
0.289531272477   0.3   0   0.007276034561164165   3   7.4926140047880585   
0.233659220961   0.3   0   0.008185538881309686   3   7.4926140047880585   
0.102267087132   0.2   0   0.002728512960436562   0   7.4926140047880585   
0.451904795309   0.4   0   0.01182355616189177   1   8.320692675998885   
0.272468084321   0.3   0   0.0068212824010914054   1   8.886378100948122   
0.272464074218   0.4   0   0.007730786721236926   2   9.152062566610152   
0.252662669857   0.2   0   0.006366530241018645   0   9.73760261037927   
0.0631969907649   0.0   0   0.0018190086402910413   0   9.73760261037927   
0.319735584195   0.2   0   0.008640291041382447   3   9.97664833224615   
0.153794319872   0.2   0   0.004092769440654843   0   10.34179670391626   
0.292604005661   0.3   0   0.007730786721236926   4   10.593109048891277   
0.10867805064   0.0   0   0.004092769440654843   0   10.593109048891277   
0.0915447358194   0.1   0   0.002273760800363802   0   11.083006997447914   
0.100200352525   0.0   0   0.004092769440654843   0   11.083006997447914   
0.150624661838   0.2   0   0.0050022737608003635   1   11.413296126985822   
0.0870627328657   0.0   0   0.0036380172805820826   0   11.413296126985822   
0.212987780959   0.1   0   0.0068212824010914054   1   11.696138839460442   
0.231217196902   0.3   0   0.0031832651205093224   1   12.524217510671265   
0.336720866577   0.4   0   0.007276034561164165   3   12.432994076159751   
0.0878495308641   0.0   0   0.0031832651205093224   0   12.432994076159751   
0.0934540705553   0.0   0   0.002728512960436562   0   12.432994076159751   
0.145425610199   0.1   0   0.002728512960436562   2   13.249490657087478   
0.309706884074   0.5   1   0.006366530241018645   3   0   
