0.879981195717   0.4   1   0.005457025920873124   1   1.0   
0.483238133535   0.3   0   0.004092769440654843   0   1.0   
0.892060134529   0.3   0   0.007730786721236926   0   1.0   
0.776809640284   0.3   0   0.005911778080945885   1   1.0   
0.619484555939   0.1   0   0.004547521600727604   0   1.9128709291752768   
0.600721636774   0.2   0   0.0036380172805820826   0   2.7109237719276424   
1.01094249951   0.5   0   0.008640291041382447   0   3.0889070575815296   
0.357359710329   0.1   0   0.002273760800363802   0   4.063586492062426   
0.484400724474   0.0   0   0.0036380172805820826   0   4.063586492062426   
0.569014896237   0.0   0   0.004547521600727604   0   4.063586492062426   
0.877051820485   0.2   1   0.005911778080945885   0   0   
