0.444717301932   0.4   1   0.008640291041382447   0   1.0   
0.26087723027   0.2   0   0.0068212824010914054   0   1.0   
0.285946557001   0.2   0   0.004547521600727604   0   1.7254762501100116   
0   0.0   0   0.0   0   1.7254762501100116   
0   0.0   0   0.0   0   1.7254762501100116   
0.0548065100953   0.0   0   0.002273760800363802   0   1.7254762501100116   
0.417387471913   0.1   0   0.009095043201455207   0   2.391123426695456   
0.145233427222   0.1   0   0.0050022737608003635   1   2.391123426695456   
0.199093439671   0.1   0   0.002273760800363802   0   3.0971539765361538   
0.536655038296   0.4   0   0.010459299681673489   0   3.5634063806563105   
0.383434890028   0.3   0   0.006366530241018645   0   2.27488302377664   
0.381973436528   0.3   0   0.0050022737608003635   0   2.5160920994388514   
0.193642068272   0.0   0   0.005457025920873124   0   2.5160920994388514   
0.285498062223   0.2   0   0.002728512960436562   0   2.8426907318099417   
0.243382916598   0.1   0   0.004547521600727604   2   3.095672944623412   
0.491245898105   0.4   0   0.008640291041382447   0   3.6193958811897935   
0.66528923831   0.5   0   0.010459299681673489   0   4.259395881189794   
0.377067007662   0.4   0   0.0050022737608003635   0   4.465954992987522   
0.427675324894   0.3   0   0.007730786721236926   0   5.048040493074722   
0.390139178463   0.3   0   0.006366530241018645   0   5.236602301391135   
0.424885330415   0.4   0   0.008640291041382447   0   5.411176613579929   
0.342628581334   0.3   0   0.0050022737608003635   0   5.65238568924214   
0.399116792119   0.2   0   0.009095043201455207   0   5.822946262326628   
0.54956602088   0.5   0   0.010914051841746248   0   5.9862455785121735   
0.0757506872843   0.0   0   0.002728512960436562   0   5.9862455785121735   
0.0884581802785   0.1   0   0.002728512960436562   0   5.9862455785121735   
0.0466515607957   0.0   0   0.0018190086402910413   0   5.9862455785121735   
0.231636461772   0.2   0   0.007276034561164165   0   6.174807386828586   
0.324415863774   0.4   0   0.0050022737608003635   0   6.657225538153007   
0.267390072579   0.3   0   0.0036380172805820826   0   6.910207750966478   
0.0535488899924   0.0   0   0.002728512960436562   0   6.910207750966478   
0.0313411950691   0.0   0   0.0009095043201455207   0   7.475893175915716   
0.0533377809235   0.1   0   0.002273760800363802   0   7.475893175915716   
0.510855859611   0.4   0   0.010004547521600727   0   7.632786084026264   
0.264060008796   0.3   0   0.008640291041382447   0   7.816318671122713   
0.0653922539989   0.1   0   0.002273760800363802   0   7.816318671122713   
0.406926491748   0.4   0   0.009095043201455207   0   7.979617987308258   
0.336843536711   0.4   0   0.004092769440654843   0   8.246284653974925   
0.351639383989   0.2   0   0.008185538881309686   0   8.811970078924164   
0.121953690408   0.0   0   0.0050022737608003635   0   8.811970078924164   
0.519278942276   0.4   0   0.011368804001819008   0   9.291970078924162   
0.360186645758   0.3   1   0.0068212824010914054   0   0   
