0.327285309353   0.3   1   0.006366530241018645   0   0   
0.0663647555517   0.0   0   0.002273760800363802   0   0   
0.439668952943   0.2   0   0.009095043201455207   0   0   
0.224912189197   0.1   0   0.0036380172805820826   0   0   
0.215973988452   0.0   0   0.0050022737608003635   4   0   
0.221811848324   0.0   0   0.0050022737608003635   0   0   
0.394931932799   0.1   0   0.008185538881309686   0   1.0   
0.409161293622   0.3   0   0.006366530241018645   0   1.0   
0.0711010948508   0.0   0   0.001364256480218281   0   1.0   
0.182457081863   0.1   0   0.0036380172805820826   0   1.0   
0.17658583077   0.2   0   0.0018190086402910413   0   1.0   
0.429078076755   0.0   0   0.008640291041382447   0   1.0   
0.226187714568   0.1   0   0.0036380172805820826   0   1.0   
0.369621375891   0.3   0   0.008185538881309686   0   1.5   
0.352176963248   0.1   0   0.006366530241018645   0   1.881917103688197   
0.365601167624   0.3   0   0.007730786721236926   0   2.244262987507738   
0.148716235075   0.2   0   0.002728512960436562   0   2.917563316731876   
0.291027008903   0.0   0   0.0068212824010914054   0   3.130479575700827   
0.196656085181   0.2   0   0.005457025920873124   1   3.130479575700827   
0.152031256544   0.0   0   0.004092769440654843   0   3.130479575700827   
0.299562110589   0.0   0   0.005911778080945885   0   3.130479575700827   
0.224409577606   0.3   0   0.005457025920873124   0   3.8446224185551117   
0.16974335574   0.3   0   0.004092769440654843   0   4.669243543678644   
0.138919269667   0.1   0   0.0031832651205093224   0   4.669243543678644   
0.495943031817   0.3   0   0.009095043201455207   0   4.845053358276951   
0.227034278502   0.3   0   0.0050022737608003635   0   5.590951230886624   
0.537242723321   0.4   1   0.010459299681673489   0   0   
