0.410589489321   0.4   1   0.0068212824010914054   0   0   
0.234594953338   0.3   0   0.007730786721236926   0   1.0   
0.340526181331   0.1   0   0.005457025920873124   0   1.0   
0.028809468592   0.0   0   0.0009095043201455207   0   1.0   
0.140838015522   0.0   0   0.0050022737608003635   0   1.0   
0.281176864424   0.1   0   0.004547521600727604   0   1.0   
0.132383397193   0.1   0   0.005457025920873124   0   1.9074852129730304   
0.548024036153   0.2   0   0.008640291041382447   1   1.9074852129730304   
0.555895941014   0.3   0   0.008640291041382447   0   1.9074852129730304   
0.336311413213   0.1   0   0.008185538881309686   0   1.9074852129730304   
0.356889745551   0.1   0   0.011368804001819008   0   1.9074852129730304   
0.358044343442   0.4   0   0.0036380172805820826   0   1.9074852129730304   
0.501020119651   0.5   0   0.007730786721236926   0   1.9074852129730304   
0.344088237702   0.2   0   0.008640291041382447   1   1.9074852129730304   
0.180688514243   0.2   0   0.0036380172805820826   0   2.44192328658849   
0.310238818795   0.4   0   0.008185538881309686   0   2.44192328658849   
0.88394300763   0.8   0   0.01409731696225557   0   3.347744913904167   
0.220027655062   0.1   0   0.002728512960436562   0   3.347744913904167   
0.652444155206   0.8   0   0.01227830832196453   0   3.8729706453430572   
0.203997845522   0.1   0   0.0018190086402910413   0   3.8729706453430572   
0.565956493257   0.2   0   0.009095043201455207   1   4.475993334498584   
0.172958838196   0.0   0   0.004547521600727604   0   4.475993334498584   
0.638761334675   0.4   0   0.015461573442473852   0   4.475993334498584   
0.463817376356   0.5   0   0.008185538881309686   0   5.142660001165251   
0.37949610601   0.2   0   0.0050022737608003635   0   5.995462866587692   
0.521529704708   0.4   0   0.01273306048203729   0   6.495462866587692   
0.314078146767   0.2   0   0.006366530241018645   0   6.495462866587692   
0.535627211055   0.2   0   0.01273306048203729   0   7.029985350412541   
0.107928098356   0.1   0   0.0018190086402910413   0   7.029985350412541   
0.739212625047   0.6   0   0.01227830832196453   0   7.029985350412541   
0.283081804169   0.2   0   0.002273760800363802   0   7.029985350412541   
0.191760768104   0.3   0   0.004092769440654843   0   7.029985350412541   
0.116811697102   0.1   1   0.005457025920873124   0   0   
