0.209452502568   0.2   1   0.007276034561164165   0   1.0   
0.0377463883297   0.0   0   0.0018190086402910413   0   1.0   
0.136566504857   0.1   0   0.002273760800363802   0   1.0   
0.016365482303   0.0   0   0.0009095043201455207   0   1.0   
0.0603345265986   0.0   0   0.002728512960436562   0   1.0   
0.14801426581   0.1   0   0.004547521600727604   0   1.7453559924999298   
0.537920302772   0.6   0   0.010004547521600727   0   2.082455923731551   
0.137618171462   0.2   0   0.002273760800363802   0   2.082455923731551   
0.240789028171   0.2   0   0.0050022737608003635   0   2.082455923731551   
0.20959859984   0.3   0   0.0031832651205093224   0   2.6800702283987476   
0   0.0   0   0.0   0   2.6800702283987476   
0   0.0   0   0.0   0   2.6800702283987476   
0.0266861540093   0.0   0   0.00045475216007276033   0   2.6800702283987476   
0.0149274980374   0.0   0   0.00045475216007276033   0   2.6800702283987476   
0.0950527928982   0.1   0   0.0009095043201455207   0   2.6800702283987476   
0.130634331577   0.1   0   0.0018190086402910413   0   2.6800702283987476   
0.380622596015   0.3   0   0.007276034561164165   0   3.0753549359197954   
0.160028482345   0.1   0   0.0050022737608003635   0   4.028817525165388   
0.254162663006   0.3   0   0.0050022737608003635   0   4.028817525165388   
0.0467664130428   0.0   0   0.0018190086402910413   0   4.028817525165388   
0.296993970332   0.4   0   0.006366530241018645   0   4.028817525165388   
0.236775803744   0.1   0   0.005911778080945885   0   4.437065815629251   
0.391141197206   0.4   0   0.008185538881309686   2   4.437065815629251   
0.271502330839   0.2   0   0.0068212824010914054   0   4.437065815629251   
0.18348567186   0.1   0   0.006366530241018645   0   4.437065815629251   
0.396245244785   0.3   0   0.010914051841746248   2   4.437065815629251   
0.205040285751   0.3   0   0.0036380172805820826   0   4.996082810004198   
0.15893832161   0.2   0   0.005457025920873124   0   4.996082810004198   
0.0847614088132   0.2   0   0.0009095043201455207   0   4.996082810004198   
0.134925253576   0.2   0   0.002273760800363802   0   4.996082810004198   
0.143573125707   0.3   0   0.002728512960436562   0   5.641580034372101   
0.355494262224   0.5   0   0.006366530241018645   0   6.064157161736359   
0.581557992312   0.8   0   0.01318781264211005   4   6.348138078859892   
0.264829241855   0.0   0   0.008640291041382447   0   6.348138078859892   
0.074715532502   0.0   0   0.0036380172805820826   0   6.348138078859892   
0.154408238549   0.2   0   0.0036380172805820826   1   6.907155073234839   
0.0942721694921   0.1   0   0.0036380172805820826   0   7.466172067609786   
0.185761408945   0.3   0   0.002273760800363802   0   8.173278848796333   
0.0355942454618   0.1   0   0.0009095043201455207   0   8.310402841987932   
0.260702321721   0.3   0   0.0036380172805820826   0   8.810402841987932   
0.171903071593   0.1   0   0.007276034561164165   0   9.163956232581207   
0.198474934346   0.1   0   0.0031832651205093224   0   9.163956232581207   
0.310733187359   0.1   0   0.008185538881309686   0   9.46546757715897   
0.0932116610813   0.1   0   0.0031832651205093224   0   9.46546757715897   
0   0.0   0   0.0   0   9.46546757715897   
0   0.0   0   0.0   0   9.46546757715897   
0   0.0   0   0.0   0   9.46546757715897   
0.157252560024   0.1   0   0.0031832651205093224   0   9.46546757715897   
0.109919464672   0.1   0   0.0031832651205093224   0   9.46546757715897   
0.126064882626   0.0   0   0.0050022737608003635   0   9.46546757715897   
0.700958076163   0.4   0   0.015916325602546612   3   9.686330629308662   
0.376756015744   0.4   0   0.010459299681673489   3   9.686330629308662   
0.202053495625   0.3   0   0.004092769440654843   0   10.157735150099693   
0.225043357318   0.1   0   0.008185538881309686   0   10.157735150099693   
0.507391645845   0.3   0   0.011368804001819008   2   10.42034801581914   
0.146464016068   0.2   0   0.0050022737608003635   1   10.84674944853036   
0.167589762489   0.1   0   0.004547521600727604   0   11.293963044030319   
0.0165235617218   0.0   0   0.0009095043201455207   0   11.293963044030319   
0.083371408497   0.1   0   0.002728512960436562   0   11.793963044030317   
0.307221836299   0.3   0   0.004547521600727604   0   11.793963044030317   
0.177878036305   0.1   0   0.0050022737608003635   0   11.793963044030317   
0.131158373558   0.1   1   0.004092769440654843   0   0   
