0.0216103471316   0.0   1   0.0009095043201455207   0   0   
0.48063909173   0.6   0   0.011368804001819008   3   1.0   
0.18381233144   0.1   0   0.004547521600727604   0   1.632455532033676   
0.16777807307   0.1   0   0.0050022737608003635   0   1.632455532033676   
0.254657419355   0.2   0   0.0068212824010914054   1   1.632455532033676   
0.109547052461   0.2   0   0.0036380172805820826   1   2.4601126159491544   
0.0775955796246   0.0   0   0.0031832651205093224   1   2.4601126159491544   
0.243562649131   0.1   0   0.006366530241018645   0   3.216041561967609   
0.155723768446   0.1   0   0.005457025920873124   0   3.216041561967609   
0.401413843111   0.5   0   0.008185538881309686   3   2.6950027309305318   
0.132602017712   0.1   0   0.002728512960436562   0   2.6950027309305318   
0.332747911022   0.3   0   0.008185538881309686   0   3.0283360642638653   
0.302189644576   0.3   0   0.007730786721236926   0   3.7514375903260526   
0.463339796052   0.5   0   0.009549795361527967   0   3.8830597217230873   
0.158084323431   0.0   0   0.0050022737608003635   1   3.8830597217230873   
0.123490375919   0.1   0   0.002728512960436562   0   3.8830597217230873   
0.318783977388   0.1   0   0.007730786721236926   0   3.8830597217230873   
0.189484370748   0.2   0   0.005911778080945885   0   3.8830597217230873   
0.295397798624   0.1   0   0.009549795361527967   0   4.133059721723088   
0.0637245360989   0.1   0   0.002273760800363802   0   4.645407260021067   
0.150695437729   0.2   0   0.004092769440654843   1   5.027288567934054   
0.332762411991   0.1   0   0.010004547521600727   0   5.027288567934054   
0.0481958429125   0.0   0   0.0018190086402910413   0   5.027288567934054   
0.056470922298   0.1   0   0.002273760800363802   0   5.5396361062320345   
0.150878600327   0.0   0   0.004092769440654843   2   5.5396361062320345   
0.21423337228   0.1   0   0.008185538881309686   1   5.809666968665695   
0.045649484103   0.0   0   0.001364256480218281   0   5.809666968665695   
0.187027830463   0.1   0   0.004092769440654843   0   5.809666968665695   
0.360128626829   0.4   0   0.008640291041382447   1   6.598153193222465   
0.278111774139   0.2   0   0.006366530241018645   0   6.904339411070363   
0.0872557902245   0.0   0   0.0031832651205093224   0   6.904339411070363   
0.0132997245193   0.1   0   0.00045475216007276033   0   7.026601519027955   
0.0658265137661   0.0   0   0.0036380172805820826   0   7.026601519027955   
0.0123339744324   0.0   0   0.00045475216007276033   0   7.026601519027955   
0.0306927636492   0.0   0   0.0009095043201455207   0   7.026601519027955   
0.355237353741   0.3   0   0.007730786721236926   2   7.7542083941369535   
0.158794791486   0.0   0   0.004547521600727604   0   7.7542083941369535   
0.50652149921   0.3   0   0.01273306048203729   2   8.667079323312231   
0.165573967585   0.1   0   0.005911778080945885   0   8.944429421424847   
0.0390810227641   0.0   0   0.0009095043201455207   0   8.944429421424847   
0.0310741003472   0.1   0   0.0009095043201455207   0   8.944429421424847   
0.0247834869816   0.0   0   0.001364256480218281   0   8.944429421424847   
0.329404995888   0.4   1   0.008185538881309686   1   0   
