0.091182034638   0.1   1   0.0009095043201455207   0   1.0   
0.321418129571   0.2   0   0.0031832651205093224   0   1.4714045207910318   
0.222971425695   0.1   0   0.0050022737608003635   0   2.0597529262055843   
0.603655828509   0.4   0   0.008640291041382447   1   2.2219743473363467   
0.119142735679   0.2   0   0.0018190086402910413   0   2.2219743473363467   
0.0878165188476   0.2   0   0.001364256480218281   0   2.2219743473363467   
0.239038584943   0.3   0   0.005911778080945885   1   2.2219743473363467   
0.376779853976   0.2   0   0.005457025920873124   0   2.4260984925682783   
0.196707085345   0.2   0   0.0036380172805820826   0   2.6760984925682787   
0.131692219223   0.2   0   0.002273760800363802   0   2.6760984925682787   
0.507313761101   0.1   0   0.010459299681673489   0   2.6760984925682787   
0.245629606174   0.1   0   0.006366530241018645   0   2.6760984925682787   
0.854873579443   0.6   0   0.01182355616189177   0   2.8097291135244906   
0.157990787988   0.2   0   0.0036380172805820826   0   3.0597291135244906   
0.261353425457   0.1   0   0.0031832651205093224   0   3.0597291135244906   
0.0410768266357   0.0   0   0.001364256480218281   0   3.0597291135244906   
0.45378116689   0.4   0   0.005911778080945885   0   3.5463933769167784   
0.0716467637937   0.1   0   0.0018190086402910413   0   3.5463933769167784   
0.277655891161   0.3   0   0.004092769440654843   0   3.782095637312294   
0.055691088976   0.1   0   0.0009095043201455207   0   4.2820956373122945   
0.0374143568115   0.1   0   0.00045475216007276033   0   4.9892024184988415   
0.101307764476   0.1   0   0.001364256480218281   0   5.397450708962705   
0.0306442050437   0.0   0   0.0009095043201455207   0   5.397450708962705   
0.386767381687   0.2   0   0.0050022737608003635   0   5.6106514253183155   
0.375693331362   0.3   0   0.007276034561164165   1   5.9439847586516485   
0.172864035858   0.2   0   0.002728512960436562   0   5.9439847586516485   
0.261767502261   0.2   0   0.004547521600727604   0   6.167591556401628   
0.304650918388   0.3   0   0.0031832651205093224   0   6.702114040226476   
0.499277971923   0.3   0   0.008640291041382447   1   6.702114040226476   
0.290948378006   0.1   0   0.005457025920873124   2   6.906238185458409   
0.167200301394   0.2   0   0.002728512960436562   0   7.194913320053222   
0.138640935644   0.1   0   0.0031832651205093224   0   7.194913320053222   
0.367625700241   0.2   0   0.0050022737608003635   0   7.194913320053222   
0.506472045323   0.4   0   0.006366530241018645   0   7.572877793062449   
0.0758656356318   0.0   0   0.0018190086402910413   0   7.572877793062449   
0.0696970574258   0.0   0   0.0018190086402910413   0   7.572877793062449   
0.101349738268   0.1   0   0.0018190086402910413   0   8.150228062252074   
0.109132927017   0.1   0   0.001364256480218281   0   8.558476352715937   
0.0837767227578   0.0   0   0.0018190086402910413   0   8.558476352715937   
0.0927471827651   0.1   0   0.0018190086402910413   0   8.912029743309212   
0.244537931292   0.2   0   0.004092769440654843   0   8.912029743309212   
0.231937158962   0.1   0   0.0036380172805820826   0   9.16202974330921   
0.33654556474   0.2   0   0.004092769440654843   0   9.397732003704727   
0.128934716599   0.1   0   0.0031832651205093224   0   9.664993245617152   
0.162721915778   0.0   0   0.002728512960436562   0   9.664993245617152   
0.0877753042189   0.1   0   0.001364256480218281   0   9.664993245617152   
0.104073439823   0.0   0   0.002273760800363802   0   9.664993245617152   
0.468415217907   0.3   0   0.005911778080945885   0   9.861109380755336   
0.401045852418   0.2   0   0.0036380172805820826   0   10.111109380755334   
0.117471528767   0.1   0   0.0018190086402910413   0   10.464662771348609   
0.310890049375   0.2   1   0.0050022737608003635   0   0   
