0.393913922345   0.2   1   0.01273306048203729   2   0   
0.145745159549   0.1   0   0.0050022737608003635   0   0   
0.189280807477   0.1   0   0.0068212824010914054   0   0   
0.145311619696   0.1   0   0.0031832651205093224   0   0   
0.157337616501   0.2   0   0.0036380172805820826   0   0   
0.137476578484   0.0   0   0.0068212824010914054   0   0   
0.190711966135   0.2   0   0.0036380172805820826   1   0   
0.114267324366   0.0   0   0.005457025920873124   0   0   
0.375790382769   0.1   0   0.010004547521600727   0   0   
0.125557853346   0.2   0   0.005457025920873124   2   0   
0.088459657866   0.1   0   0.005457025920873124   0   0   
0.121002230265   0.1   0   0.004547521600727604   0   0   
0.0768997392875   0.0   0   0.004547521600727604   0   0   
0.104297693252   0.3   0   0.004092769440654843   1   0   
0.174326287808   0.1   0   0.006366530241018645   2   0   
0.353527596289   0.5   0   0.009549795361527967   0   0   
0.234045407359   0.2   0   0.0050022737608003635   0   0   
0.0368328320115   0.0   0   0.0018190086402910413   0   0   
0.443420121303   0.4   0   0.008185538881309686   0   0   
0.132179671927   0.1   0   0.0050022737608003635   0   0   
0.144430066686   0.2   0   0.006366530241018645   0   0   
0.358750336307   0.2   0   0.0050022737608003635   0   0   
0.0980537505428   0.1   0   0.002728512960436562   0   0   
0.166553598149   0.2   0   0.002273760800363802   0   0   
0.375125479038   0.4   0   0.01409731696225557   1   0   
0.0522947725755   0.0   0   0.0018190086402910413   0   0   
0.142030710783   0.2   0   0.005457025920873124   1   0   
0.268452956392   0.2   0   0.008185538881309686   1   0   
0.22495160318   0.2   0   0.007730786721236926   1   0   
0.32840003247   0.2   0   0.01182355616189177   0   0   
0.327090914745   0.4   0   0.008185538881309686   0   0   
0.168441001655   0.2   0   0.004092769440654843   0   0   
0.16030245303   0.2   0   0.005457025920873124   0   0   
0.181240608974   0.1   0   0.005911778080945885   1   0   
0.163814436743   0.3   0   0.004092769440654843   0   0   
0.20909023946   0.1   0   0.007730786721236926   0   0   
0.340767437207   0.5   0   0.0068212824010914054   0   0   
0.141945418425   0.3   0   0.0036380172805820826   0   0   
0.224814644452   0.3   0   0.004547521600727604   0   0   
0.248573089398   0.4   0   0.005457025920873124   0   0   
0.233404718268   0.3   0   0.008185538881309686   0   0   
0.0739177201649   0.1   0   0.004092769440654843   0   0   
0.219097654851   0.3   0   0.005457025920873124   2   0   
0.413454827592   0.6   0   0.009095043201455207   1   0   
0.154166735821   0.3   0   0.0031832651205093224   0   0   
0.13320534345   0.2   0   0.004092769440654843   0   0   
0.231968318381   0.3   0   0.007730786721236926   0   0   
0.139102822211   0.2   0   0.0068212824010914054   2   0   
0.26465247876   0.4   0   0.005911778080945885   0   0   
0.225255899318   0.3   0   0.0050022737608003635   0   0   
0.463671355023   0.4   0   0.013642564802182811   4   0   
0.173368802626   0.0   0   0.007730786721236926   5   0   
0.073434714229   0.1   0   0.002273760800363802   0   0   
0.176541592719   0.2   0   0.005911778080945885   2   0   
0.063646730945   0.1   0   0.002728512960436562   0   0   
0.0915016800784   0.1   0   0.0050022737608003635   1   0   
0.0998670369242   0.1   0   0.0036380172805820826   0   0   
0.0700638510089   0.0   0   0.0031832651205093224   0   0   
0.0905833658212   0.0   0   0.004092769440654843   0   0   
0.13019513467   0.1   0   0.005911778080945885   2   0   
0.10874256152   0.2   0   0.002728512960436562   2   0   
0.043994420663   0.0   0   0.002728512960436562   0   0   
0.0717834157523   0.1   0   0.002273760800363802   0   0   
0.321852734519   0.1   0   0.01227830832196453   0   0   
0.0651840129854   0.1   0   0.002273760800363802   2   0   
0.0580474037748   0.0   0   0.004092769440654843   1   0   
0.0962187000736   0.1   0   0.002728512960436562   0   0   
0.0640171118209   0.0   0   0.0031832651205093224   0   0   
0.119416468464   0.1   0   0.004092769440654843   0   0   
0.0700077823122   0.1   0   0.002728512960436562   0   0   
0.0730389392281   0.1   0   0.002273760800363802   0   0   
0.100442567896   0.1   0   0.0031832651205093224   0   0   
0.217032359895   0.3   0   0.008640291041382447   1   0   
0.122682850905   0.2   0   0.0036380172805820826   0   0   
0.0522627724601   0.0   0   0.0036380172805820826   3   0   
0.0502146550007   0.1   0   0.002728512960436562   0   0   
0.0921227949   0.2   0   0.002273760800363802   0   0   
0.14844433505   0.2   0   0.004092769440654843   2   0   
0.49733515955   0.4   0   0.01318781264211005   4   0   
0.112512966157   0.2   0   0.002728512960436562   2   0   
0.0991111843551   0.0   0   0.0036380172805820826   0   0   
0.170023254621   0.2   0   0.0050022737608003635   2   0   
0.104816398249   0.2   0   0.002273760800363802   1   0   
0.106451147102   0.2   0   0.002273760800363802   1   0   
0.343394045075   0.2   0   0.010914051841746248   2   0   
0.0507236741643   0.0   0   0.002728512960436562   1   0   
0.0543330408206   0.0   0   0.0036380172805820826   0   0   
0.209947195189   0.0   0   0.010004547521600727   5   0   
0.0495500331977   0.0   0   0.0050022737608003635   0   0   
0.321932765832   0.2   0   0.008640291041382447   2   0   
0.301766745395   0.1   0   0.013642564802182811   7   0   
0.078982901601   0.0   0   0.004547521600727604   1   0   
0.268472326196   0.3   0   0.005911778080945885   1   0   
0.092868342623   0.1   0   0.002728512960436562   0   0   
0.390691665743   0.3   0   0.010004547521600727   1   0   
0.198211751071   0.2   0   0.004092769440654843   1   0   
0.208128882687   0.3   0   0.0050022737608003635   0   0   
0.257124585324   0.3   0   0.0050022737608003635   1   0   
0.343601297798   0.2   0   0.005911778080945885   3   0   
0.409604472775   0.3   0   0.008185538881309686   2   0   
0.207332418385   0.2   0   0.005457025920873124   1   0   
0.175162272122   0.2   0   0.002728512960436562   1   0   
0.376366617777   0.4   0   0.010004547521600727   3   0   
0.201404480743   0.2   0   0.004092769440654843   1   0   
0.113011470849   0.2   0   0.004547521600727604   3   0   
0.0451810486064   0.1   0   0.00045475216007276033   0   0   
0.0478680884451   0.0   0   0.0031832651205093224   3   0   
0.0981303273275   0.2   0   0.004092769440654843   2   0   
0.0529078754852   0.0   0   0.004092769440654843   1   0   
0.0605223929187   0.0   0   0.004092769440654843   1   0   
0.192810665847   0.3   0   0.009095043201455207   3   0   
0.14030890109   0.1   0   0.0050022737608003635   1   0   
0.263248206943   0.3   0   0.0050022737608003635   5   0   
0.404606602335   0.5   0   0.01318781264211005   4   0   
0.166128905391   0.1   0   0.005911778080945885   1   0   
0.0547218975539   0.0   0   0.0031832651205093224   1   0   
0.155384265577   0.1   0   0.0068212824010914054   1   0   
0.147179171368   0.1   0   0.0036380172805820826   1   0   
0.121043889988   0.1   0   0.005457025920873124   1   0   
0.057661797638   0.0   0   0.0036380172805820826   1   0   
0.0629165179407   0.1   0   0.0036380172805820826   1   0   
0.328614158243   0.3   0   0.01273306048203729   4   1.0   
0.053274044861   0.0   0   0.0050022737608003635   2   1.764852927038918   
0.0430197220339   0.0   1   0.002728512960436562   0   0   
