0.0938505511116   0.1   1   0.0050022737608003635   0   0   
0.0186907047955   0.0   0   0.0009095043201455207   0   0   
0.445866830981   0.3   0   0.005457025920873124   0   0   
0.510541994387   0.2   0   0.005911778080945885   2   0   
0.277251351687   0.3   0   0.0068212824010914054   0   0   
0.236031271154   0.1   0   0.0018190086402910413   0   0   
0.38734407232   0.2   0   0.007730786721236926   0   0   
0.0910086800878   0.1   0   0.002728512960436562   0   0   
0.160436643575   0.1   0   0.002273760800363802   0   0   
0.303993160383   0.2   0   0.0050022737608003635   0   0   
0.0238364768825   0.0   0   0.001364256480218281   0   0   
0.404810156607   0.4   0   0.0068212824010914054   0   0   
0.199361353497   0.2   0   0.005457025920873124   0   0   
0.303524013186   0.2   0   0.002273760800363802   0   0   
0.133110008516   0.0   0   0.007276034561164165   1   0   
0.310529061783   0.1   0   0.0068212824010914054   0   0   
0.600398574428   0.2   0   0.007730786721236926   1   0   
0.279381477867   0.3   0   0.004092769440654843   0   0   
0.355613426011   0.1   0   0.007730786721236926   0   0   
0.269029982192   0.2   0   0.0031832651205093224   0   0   
0.307204003241   0.1   0   0.005457025920873124   0   0   
0.0172781164282   0.1   0   0.0009095043201455207   0   0   
0.22449022906   0.1   0   0.002273760800363802   0   0   
0.09889087373   0.0   0   0.004092769440654843   0   0   
0.154740333416   0.0   0   0.005911778080945885   0   0   
0.185852538151   0.1   0   0.002728512960436562   0   0   
0.225037798422   0.2   0   0.005457025920873124   0   0   
0.188946412547   0.2   0   0.005911778080945885   0   0   
0.131472693969   0.1   0   0.0018190086402910413   0   0   
0.321271796273   0.2   0   0.0031832651205093224   0   0   
0.154362769883   0.0   0   0.005457025920873124   0   0   
0.318891406405   0.3   0   0.002728512960436562   1   0   
0.0986064475971   0.1   0   0.004092769440654843   1   0   
0.168768653432   0.2   0   0.0050022737608003635   0   0   
0.0312262915483   0.0   0   0.0018190086402910413   0   0   
0.210761784701   0.2   0   0.0031832651205093224   0   0   
0.195570534096   0.3   0   0.0050022737608003635   0   0   
0.0466927959214   0.0   0   0.0009095043201455207   0   0   
0.407530161113   0.3   0   0.007276034561164165   0   0   
0.0953751158472   0.1   0   0.0031832651205093224   0   0   
0.571583238363   0.4   0   0.010004547521600727   1   0   
0.155178307795   0.2   0   0.004547521600727604   0   0   
0.244845753685   0.2   0   0.002273760800363802   0   0   
0.176347644924   0.3   0   0.0036380172805820826   0   0   
0.320918811603   0.1   0   0.005457025920873124   0   0   
0.193031714384   0.2   0   0.0050022737608003635   0   0   
0.34535883221   0.2   0   0.0050022737608003635   0   0   
0.0830041941703   0.2   0   0.002728512960436562   0   0   
0.114868273779   0.1   0   0.0018190086402910413   0   0   
0.762411751493   0.3   0   0.01182355616189177   0   0   
0.310828808936   0.2   0   0.0036380172805820826   1   0   
0.1162141199   0.1   0   0.0036380172805820826   0   0   
0.146573780798   0.3   0   0.002728512960436562   0   0   
0.574997598916   0.3   0   0.007730786721236926   2   0   
0.163103038564   0.3   0   0.005911778080945885   1   0   
0.388783857148   0.2   0   0.0068212824010914054   1   0   
0.494353167722   0.3   0   0.007730786721236926   2   0   
0.273693453653   0.1   0   0.0036380172805820826   1   0   
0.639001064722   0.3   0   0.011368804001819008   0   0   
0.109365605037   0.0   0   0.0050022737608003635   0   0   
0.26921221171   0.2   0   0.004547521600727604   0   0   
0.311425004285   0.1   0   0.004092769440654843   0   0   
0.0317879876166   0.1   0   0.0009095043201455207   0   0   
0.133286535424   0.2   0   0.004092769440654843   0   0   
0.0391707145071   0.0   1   0.0018190086402910413   0   0   
