0.265659154397   0.1   1   0.007730786721236926   0   0   
0.537510769444   0.3   0   0.010914051841746248   1   0   
0.332631439604   0.2   0   0.006366530241018645   0   0   
0.321656778961   0.2   0   0.005911778080945885   0   0   
0.276016223174   0.2   0   0.004092769440654843   0   0   
0.55682615725   0.2   0   0.01227830832196453   3   0   
0.23282179983   0.0   0   0.007276034561164165   0   0   
0.441889677833   0.3   0   0.007730786721236926   2   0   
0.228695584219   0.2   0   0.002728512960436562   0   0   
0.333387658068   0.1   0   0.005911778080945885   0   0   
0.292838217025   0.2   0   0.004092769440654843   0   0   
0.132096903966   0.1   0   0.0036380172805820826   0   0   
0.288056600013   0.2   0   0.0036380172805820826   0   0   
0.0287431284918   0.0   0   0.0009095043201455207   0   0   
0.232494932577   0.0   0   0.008185538881309686   0   0   
0.113454478086   0.1   0   0.0036380172805820826   0   0   
0.0806831824626   0.1   0   0.002273760800363802   0   0   
0.0804003877944   0.1   0   0.002728512960436562   0   0   
0.348167299497   0.2   0   0.005911778080945885   0   0   
0.235845071298   0.1   0   0.007276034561164165   0   0   
0.425563019332   0.2   0   0.009095043201455207   0   0   
0.737514186984   0.4   0   0.017735334242837655   0   0   
0.386140420192   0.4   0   0.007276034561164165   0   0   
0.120611311985   0.1   0   0.004547521600727604   0   0   
0   0.0   0   0.0   0   0   
0   0.0   0   0.0   0   0   
0.0364165635693   0.1   0   0.00045475216007276033   0   0   
0   0.0   0   0.0   0   0   
0   0.0   0   0.0   0   0   
0.125726562135   0.2   0   0.004092769440654843   0   0   
0.440223524156   0.2   0   0.009095043201455207   0   0   
0   0.0   0   0.0   0   0   
0   0.0   0   0.0   0   0   
0.0792705169822   0.0   0   0.002728512960436562   0   0   
0.191426718563   0.1   0   0.006366530241018645   0   0   
0.357648518467   0.4   0   0.0050022737608003635   0   0   
0.248179515256   0.3   0   0.002728512960436562   0   0   
0.60346826267   0.4   0   0.011368804001819008   0   0   
0.273365284452   0.3   0   0.0031832651205093224   0   0   
0.429658741545   0.4   0   0.007276034561164165   0   0   
0.532898929567   0.5   0   0.010914051841746248   0   0   
0.560378452044   0.3   0   0.010914051841746248   1   0   
0.312940538034   0.3   0   0.005911778080945885   0   0   
0.017877942855   0.0   1   0.00045475216007276033   0   0   
