0.407135972289   0.2   1   0.008185538881309686   1   1.0   
0.194069828313   0.2   0   0.0036380172805820826   0   1.0   
0.260300409529   0.2   0   0.007276034561164165   0   1.0   
0.258067373363   0.2   0   0.005911778080945885   0   1.2015564437074637   
0.460434880828   0.5   0   0.008640291041382447   1   2.0287266355759748   
0.361445822098   0.4   0   0.0050022737608003635   0   2.0287266355759748   
0.298967771727   0.2   0   0.005457025920873124   0   2.2889348855092413   
0.386216129742   0.3   0   0.007730786721236926   0   2.5075535435580427   
0.492703221898   0.5   0   0.009549795361527967   2   2.704252491675404   
0.165601815984   0.1   0   0.004092769440654843   0   2.704252491675404   
0.430707208819   0.1   0   0.01182355616189177   2   2.704252491675404   
0.299801447352   0.2   0   0.006366530241018645   0   2.9451585195902616   
0.180235432037   0.2   0   0.0031832651205093224   0   2.9451585195902616   
0.095583098196   0.1   0   0.0031832651205093224   0   2.9451585195902616   
0.114844502643   0.1   0   0.001364256480218281   0   2.9451585195902616   
0.0451272336458   0.0   0   0.0018190086402910413   0   2.9451585195902616   
0.485558933254   0.5   0   0.008640291041382447   0   3.3587436155245176   
0.503633155471   0.4   0   0.007730786721236926   1   3.772328711458773   
0.194099571296   0.1   0   0.0031832651205093224   0   3.772328711458773   
0.374841376051   0.2   0   0.009095043201455207   0   4.1754415988737   
0.285120932411   0.3   0   0.004547521600727604   0   5.030573167698054   
0.314314521143   0.3   0   0.005457025920873124   0   5.290781417631321   
0.478683426398   0.4   0   0.007730786721236926   1   5.290781417631321   
0.361401861   0.2   0   0.007730786721236926   1   5.290781417631321   
0.346213465468   0.2   0   0.0068212824010914054   0   5.523518751694136   
0.511449787586   0.6   0   0.009095043201455207   0   6.329744526523991   
0.335532752581   0.4   0   0.005457025920873124   0   6.329744526523991   
0.191290748026   0.2   0   0.0036380172805820826   0   6.329744526523991   
0.264878330278   0.2   0   0.0050022737608003635   0   6.329744526523991   
0.267758808513   0.3   0   0.005911778080945885   0   6.329744526523991   
0.374624407853   0.4   0   0.006366530241018645   0   6.780438435956991   
0.225022818325   0.3   0   0.0050022737608003635   0   7.052217089209295   
0.131721891023   0.2   0   0.0031832651205093224   0   7.052217089209295   
0.0507150273844   0.1   0   0.001364256480218281   0   7.77555101636662   
0.0732968060462   0.0   0   0.002273760800363802   0   7.77555101636662   
0.258640213268   0.2   0   0.0050022737608003635   0   7.77555101636662   
0.395124748347   0.3   0   0.009095043201455207   0   7.77555101636662   
0.0610061933575   0.0   0   0.002273760800363802   0   7.77555101636662   
0.277470089461   0.2   0   0.007730786721236926   0   8.405677054179225   
0.142347916446   0.3   0   0.0036380172805820826   0   9.01804948987502   
0.251024202273   0.3   0   0.005457025920873124   0   9.26804948987502   
0.370008551878   0.3   0   0.008640291041382447   0   9.665409196994533   
0.297568760781   0.3   1   0.004547521600727604   0   0   
