0.277486363785   0.1   1   0.006366530241018645   0   1.0   
0.0739667531007   0.0   0   0.002273760800363802   0   1.597614304667197   
0.221579095168   0.1   0   0.006366530241018645   1   1.597614304667197   
0.0255203174943   0.0   0   0.0009095043201455207   0   1.597614304667197   
0.0367650528091   0.0   0   0.001364256480218281   0   1.597614304667197   
0.339731144114   0.2   0   0.007276034561164165   2   2.4289496748247648   
0.224609524591   0.1   0   0.004547521600727604   0   2.4289496748247648   
0.182917627227   0.2   0   0.005457025920873124   2   2.4289496748247648   
0.167432904589   0.0   0   0.0050022737608003635   2   2.4289496748247648   
0.0772854518326   0.2   0   0.0018190086402910413   0   2.4289496748247648   
0.0809121092746   0.1   0   0.002728512960436562   0   2.4289496748247648   
0.312723970012   0.3   0   0.006366530241018645   0   2.4289496748247648   
0.168060879214   0.2   0   0.0050022737608003635   0   2.4289496748247648   
0.293720153946   0.2   0   0.005457025920873124   2   2.4289496748247648   
0.437252732675   0.3   0   0.008185538881309686   1   2.7175267862294508   
0.280269252374   0.2   0   0.006366530241018645   0   2.7175267862294508   
0.159155949372   0.3   0   0.0031832651205093224   0   3.2520492700542993   
0.0840347162733   0.0   0   0.0036380172805820826   0   3.2520492700542993   
0.195617422131   0.1   0   0.004092769440654843   0   3.2520492700542993   
0.437264504429   0.3   0   0.008640291041382447   0   3.560655969978483   
0.235817548728   0.1   0   0.005457025920873124   2   3.968904260442346   
0.35732590201   0.3   0   0.010459299681673489   3   4.364802295718968   
0.0930641616319   0.0   0   0.002728512960436562   0   4.854274800905248   
0.206118574138   0.2   0   0.0036380172805820826   0   5.278170424850577   
0.538777037059   0.3   0   0.010459299681673489   6   5.739649528346026   
0.105940028694   0.2   0   0.002273760800363802   0   6.275839793084206   
0.259461193676   0.3   0   0.005457025920873124   0   6.968058448327379   
0.211180506817   0.1   0   0.004092769440654843   0   6.968058448327379   
0.0991892398361   0.1   0   0.002273760800363802   0   7.504248713065559   
0.196490477924   0.1   0   0.004092769440654843   1   8.303553966951013   
0.373499198845   0.4   0   0.007730786721236926   0   8.594343965969912   
0.164326650384   0.2   0   0.0036380172805820826   0   9.018239589915243   
0.20423794076   0.0   0   0.006366530241018645   0   9.338674562146071   
0.261845945534   0.1   0   0.0068212824010914054   1   9.957813749512962   
0.0927437203269   0.1   0   0.002728512960436562   0   9.957813749512962   
0.659976134831   0.6   0   0.01455206912232833   4   10.780292070342936   
0.133916603567   0.3   0   0.002273760800363802   0   11.316482335081117   
0.197082094288   0.2   0   0.005457025920873124   1   11.662591662702704   
0.10275576717   0.0   0   0.0036380172805820826   0   11.662591662702704   
0.260348579925   0.2   0   0.0068212824010914054   1   11.97216125638615   
0.259231180049   0.3   0   0.0031832651205093224   1   12.878488223561114   
0.396180692884   0.3   0   0.007276034561164165   3   11.741401703507133   
0.109527105185   0.1   0   0.002728512960436562   0   11.741401703507133   
0.165846625368   0.1   0   0.002728512960436562   2   12.55789828443486   
0.351887031352   0.3   1   0.006366530241018645   3   0   
