0.222311188325   0.1   1   0.005457025920873124   0   0   
0.166490236992   0.0   0   0.006366530241018645   2   0   
0.237838174897   0.2   0   0.008185538881309686   2   0   
0.137523159869   0.1   0   0.002728512960436562   0   0   
0.0425238045455   0.1   0   0.002273760800363802   0   0   
0.260434316218   0.1   0   0.009549795361527967   3   0   
0.18091246415   0.2   0   0.005457025920873124   0   0   
0.114525200498   0.1   0   0.0050022737608003635   0   0   
0.131624396259   0.0   0   0.0036380172805820826   0   0   
0.0165524258232   0.0   0   0.00045475216007276033   0   0   
0.0350175473672   0.0   0   0.0009095043201455207   0   0   
0.184001554182   0.3   0   0.005911778080945885   0   1.0   
0.203363056406   0.2   0   0.005911778080945885   0   1.0   
0.215079070131   0.1   0   0.0068212824010914054   0   1.0   
0.0634752458046   0.1   0   0.002728512960436562   0   1.0   
0.065234934334   0.0   0   0.0036380172805820826   0   1.0   
0.0760705304237   0.1   0   0.0036380172805820826   3   1.0   
0.291881474445   0.2   0   0.008185538881309686   0   1.0   
0.485857200522   0.4   0   0.01682582992269213   1   1.5498414147691577   
0.18901076464   0.3   0   0.005457025920873124   0   1.5498414147691577   
0.189944359087   0.1   0   0.008640291041382447   0   1.5498414147691577   
0.473802524594   0.3   0   0.01455206912232833   4   2.16818835717   
0.236956971772   0.3   0   0.0068212824010914054   0   2.16818835717   
0.185851197785   0.2   0   0.007276034561164165   0   2.16818835717   
0.366469423853   0.2   0   0.01227830832196453   1   2.16818835717   
0.198338996437   0.1   0   0.0031832651205093224   0   2.16818835717   
0.110072623674   0.0   0   0.0050022737608003635   2   2.16818835717   
0.0738212436544   0.0   0   0.002728512960436562   0   2.16818835717   
0.274179883646   0.1   0   0.009549795361527967   2   2.16818835717   
0.285042201446   0.2   0   0.008185538881309686   1   2.16818835717   
0.32461484506   0.1   0   0.010914051841746248   0   2.16818835717   
0.218020439252   0.1   0   0.005457025920873124   0   2.16818835717   
0.152522693646   0.1   0   0.005457025920873124   0   2.16818835717   
0.138461197449   0.1   0   0.004092769440654843   0   2.16818835717   
0.0503519133835   0.1   0   0.0018190086402910413   0   2.16818835717   
0.722573134917   0.8   0   0.019099590723055934   6   2.41738906953263   
0.263111693791   0.5   0   0.0068212824010914054   2   2.41738906953263   
0.196924177414   0.3   0   0.006366530241018645   2   2.91874309002075   
0.466088365342   0.5   0   0.01182355616189177   4   3.6258498712072975   
0.421923859921   0.5   0   0.010914051841746248   3   4.38961248703327   
0.159153544256   0.1   0   0.004092769440654843   0   4.38961248703327   
0.463708093739   0.6   0   0.010914051841746248   3   4.771493794946257   
0.128707093963   0.0   0   0.005457025920873124   0   4.771493794946257   
0.907542334419   0.6   0   0.02455661664392906   11   5.195153067814419   
0.193497643596   0.1   0   0.0050022737608003635   0   5.7140275894771895   
0.177440576001   0.1   0   0.0050022737608003635   1   6.064944113542839   
0.307948857845   0.5   0   0.008185538881309686   3   6.064944113542839   
0.410399516168   0.5   0   0.010914051841746248   5   6.403445713736003   
0.0396341155709   0.0   0   0.0018190086402910413   2   3.5742820361056795   
0.402393690771   0.6   0   0.010004547521600727   5   3.71641584700942   
0.126727140612   0.0   1   0.004092769440654843   2   0   
