0.22562274648   0.1   1   0.007276034561164165   0   1.0   
0.0410767222731   0.0   0   0.0018190086402910413   0   1.0   
0.17267562831   0.1   0   0.002273760800363802   0   1.0   
0.0186081263967   0.0   0   0.0009095043201455207   0   1.0   
0.0720922002616   0.0   0   0.002728512960436562   0   1.0   
0.152274463401   0.1   0   0.004547521600727604   0   1.6708203932499368   
0.647193322123   0.6   0   0.010004547521600727   0   1.5277604129984856   
0.198357312172   0.2   0   0.002728512960436562   1   1.5277604129984856   
0.331920678874   0.2   0   0.0050022737608003635   0   1.5277604129984856   
0.279009955335   0.2   0   0.0050022737608003635   0   1.7297909219089278   
0.257961349528   0.3   0   0.002728512960436562   0   2.550442728557218   
0   0.0   0   0.0   0   2.550442728557218   
0   0.0   0   0.0   0   2.550442728557218   
0.0204564140365   0.0   0   0.00045475216007276033   0   2.550442728557218   
0.0306846210548   0.0   0   0.00045475216007276033   0   2.550442728557218   
0.121309475075   0.1   0   0.0009095043201455207   0   2.550442728557218   
0.15199409613   0.1   0   0.0018190086402910413   0   2.550442728557218   
0.359111628882   0.3   0   0.007276034561164165   0   3.537529011510997   
0.0393622942651   0.0   0   0.0018190086402910413   0   3.8708623448443307   
0.369067850601   0.4   0   0.006366530241018645   0   4.583558989944129   
0.514816535907   0.4   0   0.006366530241018645   0   5.083558989944129   
0.100875758547   0.1   0   0.0018190086402910413   0   5.083558989944129   
0.224141493427   0.2   0   0.004547521600727604   0   5.7160145219778045   
0.105483391008   0.1   0   0.0031832651205093224   0   5.7160145219778045   
0.363982604975   0.4   0   0.005911778080945885   0   5.888147115142578   
0.504499336533   0.3   0   0.007730786721236926   2   6.041090937722953   
0.869255938552   0.7   0   0.01409731696225557   0   6.065608748127427   
0.21315619183   0.2   0   0.0031832651205093224   0   6.065608748127427   
0.295164375718   0.4   0   0.004547521600727604   0   6.595938834017337   
0.422099948785   0.5   0   0.006366530241018645   0   7.193553138684534   
0.085756174449   0.1   0   0.001364256480218281   0   7.193553138684534   
0.244201285258   0.2   0   0.004092769440654843   0   7.193553138684534   
0.458793319496   0.5   0   0.006366530241018645   0   7.473061635872008   
0.357023444816   0.3   0   0.005457025920873124   0   7.9571845541479345   
0   0.0   0   0.0   0   7.9571845541479345   
0   0.0   0   0.0   0   7.9571845541479345   
0.138599934236   0.0   0   0.004092769440654843   0   7.9571845541479345   
0.296306096871   0.1   0   0.006366530241018645   2   8.255991706481533   
0.284742261025   0.1   0   0.0068212824010914054   0   8.544666841076348   
0.414879681467   0.5   0   0.0068212824010914054   0   8.689004408373753   
0.0442073996849   0.1   0   0.0009095043201455207   0   8.689004408373753   
0.0442073996849   0.1   0   0.0009095043201455207   0   8.689004408373753   
0.36616728132   0.4   0   0.005457025920873124   1   9.173127326649679   
0.134792267858   0.1   0   0.0009095043201455207   0   9.173127326649679   
0.171934461627   0.2   0   0.002273760800363802   0   9.67312732664968   
0.236077725427   0.3   0   0.002728512960436562   0   9.9013450589435   
0.39993511888   0.3   0   0.008640291041382447   3   10.023332568062067   
0.0857651237643   0.0   0   0.0036380172805820826   0   10.220974921822592   
0.166896037474   0.1   0   0.0036380172805820826   1   10.418617275583117   
0.118997232428   0.1   0   0.0036380172805820826   0   10.61625962934364   
0.272458677107   0.3   0   0.002273760800363802   0   11.366259629343642   
0.0646073111811   0.2   0   0.0009095043201455207   0   11.761544336864688   
0.309258625269   0.3   0   0.0036380172805820826   0   12.35447139814626   
0.187711549501   0.1   0   0.007276034561164165   0   12.494225646739997   
0.221850519913   0.1   0   0.0031832651205093224   0   12.916802774104255   
0.339519569326   0.1   0   0.008185538881309686   0   13.035985597759954   
0.0993958879222   0.0   0   0.0031832651205093224   0   13.035985597759954   
0   0.0   0   0.0   0   13.035985597759954   
0   0.0   0   0.0   0   13.035985597759954   
0   0.0   0   0.0   0   13.035985597759954   
0.222445816669   0.1   0   0.0031832651205093224   0   13.035985597759954   
0.111440124882   0.0   0   0.0031832651205093224   0   13.035985597759954   
0.172413673642   0.1   0   0.0050022737608003635   0   13.204535563375764   
0.726577276996   0.4   1   0.015916325602546612   3   0   
