0.895224200201   0.4   1   0.01182355616189177   2   0   
0.735748352874   0.3   0   0.005911778080945885   0   0   
0.552423308137   0.4   0   0.002728512960436562   0   0   
0.548253153573   0.1   0   0.0068212824010914054   0   0   
0.876209840373   0.5   0   0.008640291041382447   1   0   
0.746176907052   0.4   0   0.005911778080945885   0   0   
0.315072947873   0.0   0   0.004547521600727604   0   1.0   
0.523949190656   0.2   0   0.0050022737608003635   0   1.0   
0.312781606491   0.2   0   0.004547521600727604   0   1.0   
0.308782420886   0.3   0   0.0050022737608003635   0   1.5244044240850758   
0.275520118198   0.2   0   0.004092769440654843   0   2.077175222477642   
0.152074244957   0.2   0   0.002273760800363802   0   2.077175222477642   
0.694918249975   0.5   0   0.008185538881309686   0   2.077175222477642   
0.905153887566   0.5   0   0.007730786721236926   0   2.077175222477642   
0.176888021046   0.0   1   0.002273760800363802   0   0   
