0.713173964876   0.3   1   0.010914051841746248   0   0   
0.275219559988   0.2   0   0.002273760800363802   0   0   
0.38221492441   0.0   0   0.006366530241018645   0   0   
0.756285943153   0.4   0   0.009549795361527967   0   0   
1.05226343389   0.9   0   0.009549795361527967   0   1.0   
0.360476403315   0.3   0   0.0036380172805820826   0   1.0   
0.447567715287   0.4   0   0.0050022737608003635   0   1.0   
0.353501175122   0.4   0   0.0036380172805820826   0   1.0   
0.062646186425   0.1   0   0.0009095043201455207   0   1.0   
0.26656179048   0.3   0   0.004092769440654843   0   1.6   
0.197732504077   0.1   0   0.002273760800363802   0   1.6   
0.779657280038   0.3   0   0.010914051841746248   0   1.6   
1.19223401884   0.4   0   0.01273306048203729   2   1.6   
0.363351915233   0.0   0   0.005457025920873124   0   1.6   
0.232162375393   0.1   0   0.0036380172805820826   0   2.5084944665313014   
0.886776753147   0.3   0   0.011368804001819008   3   3.074179891480539   
0.204638807578   0.1   0   0.002273760800363802   0   3.074179891480539   
0.125152078416   0.1   1   0.002273760800363802   0   0   
