0.204536215842   0.1   1   0.0018190086402910413   0   1.0   
0.128858880616   0.2   0   0.0036380172805820826   0   1.0   
0.24413320871   0.1   0   0.005911778080945885   1   1.5547001962252291   
0.684038578933   0.2   0   0.011368804001819008   1   2.32450055514473   
0.427257672362   0.2   0   0.0068212824010914054   0   2.8408983346390526   
0.0566975909103   0.0   0   0.0031832651205093224   0   2.8408983346390526   
0.588721187991   0.3   0   0.007730786721236926   3   3.0638647915941037   
0.0660833275319   0.1   0   0.002728512960436562   0   3.0638647915941037   
0.0261946521176   0.0   0   0.0009095043201455207   0   3.0638647915941037   
0.237355994974   0.1   0   0.008185538881309686   1   3.0638647915941037   
0.211040264355   0.2   0   0.0050022737608003635   0   3.0638647915941037   
0.23241686545   0.3   0   0.0050022737608003635   0   3.5019506187092846   
0.234725179591   0.1   0   0.007276034561164165   3   3.5019506187092846   
0.323253751191   0.2   0   0.008185538881309686   2   4.121497536899008   
0.0544218886483   0.0   0   0.001364256480218281   0   4.121497536899008   
0.340307529896   0.1   0   0.006366530241018645   0   4.847980694155787   
0.457152662183   0.2   0   0.007276034561164165   0   5.574463851412566   
0.248387038697   0.1   0   0.007276034561164165   1   5.937705430040956   
0.306744632838   0.3   0   0.0036380172805820826   0   6.451406596955037   
0.119053522529   0.1   0   0.004092769440654843   0   6.451406596955037   
0.404989105205   0.4   0   0.007276034561164165   0   6.814648175583426   
0.0583370477212   0.2   0   0.0031832651205093224   0   6.814648175583426   
0.366627570014   0.1   0   0.006366530241018645   0   7.202969757257239   
0.179201830484   0.0   0   0.005457025920873124   0   7.202969757257239   
0.441163722705   0.1   0   0.009095043201455207   0   7.822516675446961   
0.391955382761   0.0   0   0.008640291041382447   0   7.822516675446961   
0.199258230592   0.0   0   0.004547521600727604   0   7.822516675446961   
0.0693984350894   0.0   0   0.004092769440654843   0   7.822516675446961   
0.202933357958   0.1   0   0.001364256480218281   0   8.661387168254821   
0.0220488520417   0.0   0   0.00045475216007276033   0   8.661387168254821   
0.127016144894   0.1   0   0.0036380172805820826   0   8.661387168254821   
0.0205305314787   0.0   0   0.00045475216007276033   0   8.661387168254821   
0.503923166246   0.2   0   0.008640291041382447   0   8.994720501588155   
0.331347562343   0.2   0   0.004547521600727604   0   9.454188793324496   
0.40215919018   0.4   0   0.007730786721236926   0   9.806584886571779   
0.284434405439   0.2   0   0.0031832651205093224   0   10.355754533937054   
0.238130753864   0.2   0   0.0050022737608003635   1   10.793840361052235   
0.403373372677   0.2   0   0.005457025920873124   1   11.632710853860097   
0.673559094092   0.2   0   0.004547521600727604   0   11.67490758976945   
0.278351876619   0.1   0   0.0031832651205093224   0   12.17886022044842   
0.57499929708   0.3   0   0.008185538881309686   0   12.775145014448364   
0.233078840714   0.2   0   0.002728512960436562   0   12.734720003297099   
0.1367283825   0.1   0   0.002728512960436562   0   13.234720003297097   
0.529689946383   0.3   0   0.009095043201455207   0   13.484720003297099   
0.258750247222   0.2   0   0.008185538881309686   0   13.484720003297099   
0.0764435077596   0.1   0   0.001364256480218281   0   13.484720003297099   
0.280927984983   0.1   0   0.0031832651205093224   0   13.89296829376096   
0.23523948151   0.2   0   0.004092769440654843   0   14.301216584224822   
0.471167985477   0.2   1   0.0068212824010914054   0   0   
