0.161670967925   0.3   1   0.0068212824010914054   0   0   
0.131728705136   0.2   0   0.005911778080945885   0   0   
0.065301656655   0.1   0   0.002273760800363802   0   0   
0.0493239480101   0.1   0   0.002728512960436562   0   0   
0.0974529007377   0.1   0   0.004092769440654843   0   0   
0.146704099048   0.1   0   0.005911778080945885   0   0   
0.149027405115   0.2   0   0.007276034561164165   0   0   
0.0264564139466   0.0   0   0.002273760800363802   0   0   
0.131488878125   0.1   0   0.007276034561164165   0   0   
0.171643218473   0.2   0   0.007276034561164165   0   0   
0.0733050559498   0.1   0   0.004092769440654843   0   0   
0.118989783523   0.1   0   0.0050022737608003635   0   0   
0.224077791535   0.2   0   0.010004547521600727   0   1.0   
0.0950832526878   0.1   0   0.005457025920873124   0   1.0   
0.0620107828922   0.0   0   0.002273760800363802   0   1.0   
0.319246581315   0.3   0   0.010914051841746248   0   1.0   
0.0791550624111   0.1   0   0.002728512960436562   0   1.0   
0.0824656724226   0.1   0   0.004547521600727604   0   1.6741998624632421   
0.094477136679   0.1   0   0.0050022737608003635   0   2.6276624517088343   
0.037157961577   0.0   0   0.0036380172805820826   0   2.6276624517088343   
0.154959229222   0.1   0   0.008185538881309686   0   3.373018444208764   
0.0939734673941   0.1   0   0.004092769440654843   0   3.373018444208764   
0.0405488361955   0.1   0   0.0018190086402910413   0   3.373018444208764   
0.0452657720497   0.1   0   0.0031832651205093224   0   3.373018444208764   
0.105794735272   0.1   0   0.005457025920873124   0   3.373018444208764   
0.11759369569   0.1   0   0.0031832651205093224   2   3.373018444208764   
0.0705526305681   0.0   0   0.0036380172805820826   2   3.373018444208764   
0.110857347376   0.0   0   0.004547521600727604   0   3.373018444208764   
0.0566175624145   0.0   0   0.0018190086402910413   1   3.373018444208764   
0.0780340982433   0.0   0   0.0036380172805820826   2   3.373018444208764   
0.0294041959198   0.0   0   0.0018190086402910413   1   3.373018444208764   
0.0921560508175   0.0   0   0.004092769440654843   2   3.373018444208764   
0.0410097149946   0.0   0   0.0031832651205093224   0   3.373018444208764   
0.0379143625401   0.1   0   0.0031832651205093224   0   3.373018444208764   
0.181131823942   0.1   0   0.008185538881309686   0   3.373018444208764   
0.0527154114625   0.0   0   0.002728512960436562   0   3.373018444208764   
0.208602406768   0.4   0   0.0068212824010914054   0   4.189515025136489   
0.18548123823   0.2   0   0.007730786721236926   0   4.189515025136489   
0.0517390994573   0.0   0   0.004092769440654843   0   4.189515025136489   
0.0674628887575   0.0   0   0.0036380172805820826   2   4.189515025136489   
0.0479793136166   0.0   0   0.002273760800363802   0   4.189515025136489   
0.0266270350445   0.1   0   0.0018190086402910413   0   4.189515025136489   
0.20109895901   0.3   0   0.008185538881309686   0   4.93487101763642   
0.044634641191   0.0   0   0.002273760800363802   0   4.489480760851672   
0.0407720679665   0.0   0   0.0031832651205093224   0   4.489480760851672   
0.0895999856414   0.0   0   0.005911778080945885   0   4.489480760851672   
0.0747062356645   0.1   0   0.005457025920873124   4   4.489480760851672   
0.0971242912244   0.0   0   0.0068212824010914054   0   4.489480760851672   
0.202106169742   0.2   0   0.010004547521600727   0   4.489480760851672   
0.100115204235   0.1   0   0.006366530241018645   0   4.489480760851672   
0.0997188331645   0.0   0   0.007730786721236926   0   4.489480760851672   
0.175903044771   0.2   0   0.009095043201455207   0   4.489480760851672   
0.12734306542   0.1   0   0.0068212824010914054   0   4.489480760851672   
0.181314662157   0.0   0   0.009549795361527967   0   4.489480760851672   
0.0996824107169   0.1   0   0.004092769440654843   1   4.489480760851672   
0.188994686006   0.1   0   0.010914051841746248   1   4.489480760851672   
0.152165505217   0.1   0   0.008185538881309686   0   4.489480760851672   
0.125084692728   0.1   0   0.008640291041382447   0   4.489480760851672   
0.0968901361199   0.2   0   0.0036380172805820826   0   4.489480760851672   
0.165498427925   0.1   0   0.007276034561164165   0   4.489480760851672   
0.147426911133   0.1   0   0.007730786721236926   1   4.489480760851672   
0.132125319929   0.0   0   0.008640291041382447   0   4.489480760851672   
0.143913841233   0.2   0   0.005911778080945885   0   4.489480760851672   
0.250743025465   0.3   0   0.007730786721236926   2   4.489480760851672   
0.185312271619   0.1   0   0.008185538881309686   4   4.989480760851672   
0.133150872546   0.1   0   0.006366530241018645   0   4.989480760851672   
0.149246688035   0.1   0   0.0050022737608003635   0   4.989480760851672   
0.0388541347832   0.0   0   0.002273760800363802   0   4.989480760851672   
0.189623380488   0.1   0   0.007276034561164165   3   5.548497755226619   
0.0992246965409   0.0   0   0.004547521600727604   2   5.548497755226619   
0.110817116904   0.0   0   0.005457025920873124   0   5.548497755226619   
0.0806789508615   0.1   0   0.0036380172805820826   0   5.548497755226619   
0.233619521738   0.3   0   0.007730786721236926   2   6.09082389977326   
0.0830579001302   0.1   0   0.0031832651205093224   2   6.09082389977326   
0.187047632105   0.2   0   0.008640291041382447   1   6.09082389977326   
0.219471953052   0.3   0   0.008640291041382447   2   6.09082389977326   
0.35697937837   0.2   0   0.010914051841746248   14   6.09082389977326   
0.17729961501   0.3   0   0.007730786721236926   2   6.09082389977326   
0.307066541138   0.3   0   0.01182355616189177   2   6.447798511549349   
0.135481946508   0.1   0   0.006366530241018645   1   5.298532341032899   
0.212517616299   0.3   0   0.011368804001819008   2   5.555132460672733   
0.115060994687   0.1   0   0.007730786721236926   0   5.555132460672733   
0.0269665560754   0.0   0   0.0018190086402910413   0   5.555132460672733   
0.0415435596957   0.1   0   0.0018190086402910413   0   5.555132460672733   
0.0648689903571   0.1   0   0.002728512960436562   4   5.555132460672733   
0.167228610372   0.1   0   0.007730786721236926   1   5.87851329405451   
0.179253136288   0.3   0   0.0068212824010914054   0   6.222778480384059   
0.0966930651916   0.2   0   0.0050022737608003635   0   6.624793606487743   
0.138926459447   0.0   0   0.007730786721236926   0   6.624793606487743   
0.146442301576   0.2   0   0.0068212824010914054   0   6.94817443986952   
0.0890086983214   0.1   0   0.0050022737608003635   3   6.94817443986952   
0.0644233658523   0.1   1   0.0031832651205093224   0   0   
