0.590524157796   0.5   1   0.01182355616189177   0   1.0   
0.543509314622   0.5   0   0.009095043201455207   0   1.8770580193070294   
0.832786306601   0.7   0   0.01273306048203729   0   2.1871557282589045   
0.466910851083   0.3   0   0.008640291041382447   0   2.1871557282589045   
0.439576089587   0.3   0   0.0050022737608003635   0   2.1871557282589045   
0.248884326353   0.2   0   0.005457025920873124   0   2.1871557282589045   
0.415496975555   0.3   0   0.004547521600727604   0   2.1871557282589045   
0.0249575988334   0.0   0   0.0009095043201455207   0   2.1871557282589045   
0.381068455909   0.2   0   0.006366530241018645   0   2.1871557282589045   
0.425694432329   0.4   0   0.008185538881309686   0   2.1871557282589045   
0.306579847884   0.2   0   0.006366530241018645   4   2.1871557282589045   
0.43945151189   0.2   0   0.005911778080945885   0   2.1871557282589045   
0.276527495966   0.2   0   0.0050022737608003635   0   2.1871557282589045   
0.490724553027   0.3   0   0.007276034561164165   0   2.1871557282589045   
0.760209166232   0.6   0   0.011368804001819008   0   2.695156236259667   
0.346345136573   0.1   0   0.007276034561164165   1   2.695156236259667   
0.85590557023   0.5   0   0.01318781264211005   0   2.695156236259667   
0.261631588852   0.3   0   0.007276034561164165   0   2.2705088340109487   
0.27075034861   0.2   0   0.004092769440654843   0   2.2705088340109487   
0.017775960702   0.0   0   0.0009095043201455207   0   2.2705088340109487   
0.260076518317   0.2   0   0.0050022737608003635   0   2.6725239601146336   
0.727573242625   0.6   0   0.013642564802182811   0   2.6725239601146336   
0.41601887067   0.3   0   0.0036380172805820826   0   3.1439284809056653   
0.0849475986653   0.0   0   0.0031832651205093224   1   3.1439284809056653   
0.332879504963   0.1   0   0.0068212824010914054   0   3.1439284809056653   
0.512171021949   0.5   0   0.011368804001819008   0   3.1439284809056653   
0.518915717504   0.3   0   0.01227830832196453   0   3.1439284809056653   
0.36953975543   0.2   0   0.0031832651205093224   0   3.1439284809056653   
0.459445964049   0.4   0   0.008640291041382447   0   3.1439284809056653   
0.504912563431   0.4   0   0.006366530241018645   0   3.1439284809056653   
0.231329246267   0.1   0   0.004547521600727604   0   3.1439284809056653   
0.609386981266   0.6   0   0.009095043201455207   0   3.1439284809056653   
0.115315793086   0.1   0   0.004092769440654843   0   3.1439284809056653   
0.445149826451   0.5   0   0.008185538881309686   0   3.1439284809056653   
0.56143912882   0.3   0   0.009549795361527967   1   3.1439284809056653   
0.202192800383   0.1   0   0.005457025920873124   0   3.1439284809056653   
0.408634256232   0.2   0   0.008185538881309686   0   3.4420708779056373   
0.46964649804   0.3   0   0.010914051841746248   0   3.677773138301153   
0.0985893719213   0.0   0   0.004092769440654843   0   3.677773138301153   
0.0902773414117   0.1   1   0.002728512960436562   0   0   
