0.380424097231   0.2   1   0.007276034561164165   1   0   
0.296803344839   0.2   0   0.005911778080945885   2   0   
0.45695161653   0.2   0   0.009095043201455207   1   0   
0.603483126309   0.4   0   0.01227830832196453   2   1.0   
0.766037909318   0.6   0   0.015461573442473852   2   1.0   
0.219357041377   0.1   0   0.0050022737608003635   0   1.0   
0.0572027214821   0.0   0   0.0009095043201455207   0   1.0   
0.410402622013   0.2   0   0.008185538881309686   0   1.0   
0.352922929492   0.3   0   0.009095043201455207   1   1.0   
0.0933188414247   0.1   0   0.002728512960436562   2   1.0   
0.150539965855   0.2   0   0.0031832651205093224   1   1.4913036844405174   
0.435617467389   0.1   0   0.009095043201455207   0   1.4913036844405174   
0.283970251286   0.2   0   0.005457025920873124   1   1.4913036844405174   
0.585962764655   0.5   0   0.007730786721236926   2   2.29150687548282   
0.199528406012   0.2   0   0.0036380172805820826   1   2.29150687548282   
0.386876064748   0.3   0   0.007276034561164165   0   2.29150687548282   
0.240791054833   0.1   0   0.0050022737608003635   0   2.29150687548282   
0.342754527473   0.2   0   0.007276034561164165   0   2.29150687548282   
0.497227986682   0.4   0   0.010004547521600727   1   2.29150687548282   
0.46554098355   0.2   0   0.009549795361527967   0   2.7692734184357746   
0.145785266171   0.0   0   0.0031832651205093224   0   2.7692734184357746   
0.169299915137   0.0   0   0.004092769440654843   0   2.7692734184357746   
0.490748757858   0.3   0   0.010004547521600727   1   3.2369805917825176   
0.296666381952   0.4   0   0.005911778080945885   0   3.2369805917825176   
0.11079620597   0.1   1   0.0018190086402910413   0   0   
