0.328515872458   0.5   1   0.0068212824010914054   0   1.0   
0.405368642914   0.3   0   0.013642564802182811   0   1.752772652709081   
0.446666466264   0.5   0   0.015461573442473852   0   2.2257253041725398   
0.251953313431   0.1   0   0.009549795361527967   1   2.2257253041725398   
0.179418318271   0.2   0   0.008185538881309686   0   2.9129095751088165   
0.0770911017888   0.0   0   0.0036380172805820826   0   2.9129095751088165   
0.0912508480411   0.2   0   0.0036380172805820826   0   2.9129095751088165   
0.147976574264   0.1   0   0.004092769440654843   0   2.9129095751088165   
0.0996445287828   0.2   0   0.0050022737608003635   0   2.9129095751088165   
0.0768737544911   0.1   0   0.005457025920873124   0   2.9129095751088165   
0.135474086507   0.1   0   0.0036380172805820826   0   2.9129095751088165   
0.0800331428715   0.1   0   0.004547521600727604   0   2.9129095751088165   
0.134811456108   0.0   0   0.005457025920873124   0   2.9129095751088165   
0.239609522762   0.2   0   0.006366530241018645   0   2.9129095751088165   
0.0295283980261   0.0   0   0.002728512960436562   0   2.9129095751088165   
0.16638055953   0.1   0   0.005911778080945885   0   2.9129095751088165   
0.257215230648   0.1   0   0.007730786721236926   1   2.9129095751088165   
0.103803878341   0.0   0   0.008185538881309686   0   2.9129095751088165   
0.104003227883   0.0   0   0.005457025920873124   0   2.9129095751088165   
0.148931496753   0.1   0   0.005911778080945885   0   2.9129095751088165   
0.376166420069   0.1   0   0.010459299681673489   0   2.9129095751088165   
0.0201609169134   0.0   0   0.0018190086402910413   0   2.9129095751088165   
0.0138959559529   0.0   0   0.0009095043201455207   0   2.9129095751088165   
0.3048917112   0.3   0   0.008640291041382447   0   3.581765629168755   
0.220240461979   0.1   0   0.0050022737608003635   0   3.581765629168755   
0.11260224206   0.0   0   0.004547521600727604   1   3.581765629168755   
0.109991840284   0.0   0   0.007276034561164165   0   3.581765629168755   
0.264574666795   0.1   0   0.007276034561164165   0   3.581765629168755   
0.228469542529   0.1   0   0.009549795361527967   0   4.142849236855537   
0.187619127617   0.4   0   0.0068212824010914054   0   4.895621889564618   
0.203807896446   0.1   0   0.004547521600727604   0   4.895621889564618   
0.278578726159   0.2   0   0.008185538881309686   0   5.582806160500895   
0.112242792207   0.1   0   0.0036380172805820826   0   6.4161175263751   
0.234232462845   0.1   0   0.006366530241018645   1   5.812088144781324   
0.0878008952241   0.1   0   0.0036380172805820826   0   5.812088144781324   
0.160265970839   0.1   0   0.0031832651205093224   0   5.812088144781324   
0.45085828083   0.6   0   0.01682582992269213   0   6.128315910798162   
0.0754932808893   0.0   0   0.002728512960436562   0   6.128315910798162   
0.153957920761   0.2   0   0.0050022737608003635   0   6.128315910798162   
0.102301884767   0.1   0   0.0036380172805820826   0   6.128315910798162   
0.064661698846   0.0   0   0.005911778080945885   0   6.128315910798162   
0.368076813337   0.2   0   0.0068212824010914054   0   6.642811666225688   
0.299699766539   0.2   0   0.009549795361527967   0   7.0851375346903795   
0.200249590935   0.3   0   0.0031832651205093224   0   7.886921260427653   
0.198725000571   0.1   0   0.0050022737608003635   1   7.886921260427653   
0.1921292015   0.1   0   0.007276034561164165   0   8.435860674576995   
0.389333255872   0.2   0   0.009549795361527967   1   8.435860674576995   
0.182630270642   0.1   0   0.004547521600727604   0   8.435860674576995   
0.26497841893   0.1   0   0.009095043201455207   2   8.435860674576995   
0.243881687501   0.3   0   0.0068212824010914054   0   8.435860674576995   
0.0680273321881   0.0   0   0.004092769440654843   1   8.435860674576995   
0.0230808031855   0.0   0   0.002273760800363802   0   8.435860674576995   
0.191503990603   0.1   0   0.005911778080945885   3   8.435860674576995   
0.226815086607   0.4   0   0.0068212824010914054   0   8.435860674576995   
0.157283989883   0.1   0   0.0031832651205093224   0   8.435860674576995   
0.0816775008242   0.0   0   0.0050022737608003635   0   8.435860674576995   
0.182536586714   0.2   0   0.008185538881309686   0   8.435860674576995   
0.243305766336   0.1   0   0.010004547521600727   0   9.25235725550472   
0.0570797641373   0.0   0   0.002728512960436562   0   9.25235725550472   
0.116343281757   0.1   0   0.0050022737608003635   0   9.855379944660246   
0.145501662618   0.2   0   0.0009095043201455207   0   9.855379944660246   
0.23773573261   0.3   0   0.005457025920873124   0   10.432730213849874   
0.472196967042   0.3   0   0.008640291041382447   0   10.432730213849874   
0.628285427895   0.6   0   0.022737608003638016   7   10.432730213849874   
0.00795127860452   0.0   0   0.00045475216007276033   1   10.432730213849874   
0   0.0   0   0.0   0   10.432730213849874   
0   0.0   0   0.0   0   10.432730213849874   
0.02634281256   0.0   0   0.0018190086402910413   0   10.432730213849874   
0   0.0   0   0.0   0   10.432730213849874   
0   0.0   0   0.0   0   10.432730213849874   
0.102045235695   0.0   0   0.005457025920873124   0   10.432730213849874   
0   0.0   0   0.0   0   10.432730213849874   
0   0.0   0   0.0   0   10.432730213849874   
0   0.0   0   0.0   0   10.432730213849874   
0.0398726347248   0.0   0   0.002273760800363802   0   10.432730213849874   
0   0.0   0   0.0   0   10.432730213849874   
0   0.0   0   0.0   0   10.432730213849874   
0   0.0   0   0.0   0   10.432730213849874   
0.0494654769312   0.0   0   0.002273760800363802   0   10.432730213849874   
0   0.0   0   0.0   0   10.432730213849874   
0   0.0   0   0.0   0   10.432730213849874   
0   0.0   0   0.0   0   10.432730213849874   
0.110059979469   0.1   0   0.0036380172805820826   0   10.432730213849874   
0.13792965181   0.1   0   0.005911778080945885   0   10.432730213849874   
0.0737077969206   0.0   0   0.002273760800363802   0   10.432730213849874   
0.0814518848355   0.1   0   0.0036380172805820826   0   10.432730213849874   
0   0.0   0   0.0   0   10.432730213849874   
0   0.0   0   0.0   0   10.432730213849874   
0   0.0   0   0.0   0   10.432730213849874   
0.392887031223   0.2   0   0.021373351523419737   5   10.432730213849874   
0   0.0   0   0.0   0   10.432730213849874   
0   0.0   0   0.0   0   10.432730213849874   
0.173524910089   0.1   1   0.007730786721236926   0   0   
