0.193065551132   0.1   1   0.0068212824010914054   0   1.0   
0.354453572157   0.3   0   0.0068212824010914054   0   1.0   
0.451337629466   0.3   0   0.01227830832196453   0   1.7191949522280763   
0.472050379495   0.2   0   0.01273306048203729   3   1.7191949522280763   
0.0258928835434   0.0   0   0.001364256480218281   0   1.7191949522280763   
0.0434222934273   0.0   0   0.001364256480218281   0   1.7191949522280763   
0.302767437364   0.2   0   0.008185538881309686   0   1.7191949522280763   
0.408530482639   0.2   0   0.010914051841746248   0   1.7191949522280763   
0.202989086284   0.2   0   0.004092769440654843   0   1.7191949522280763   
0.199590181287   0.0   0   0.007276034561164165   1   1.7191949522280763   
0.287675517691   0.3   0   0.004092769440654843   0   1.7191949522280763   
0.241521897439   0.2   0   0.0031832651205093224   0   1.7191949522280763   
0.291672875451   0.3   0   0.007276034561164165   0   2.6874407887799308   
0.434749980475   0.3   0   0.009095043201455207   0   2.6874407887799308   
0.20090595839   0.4   0   0.0036380172805820826   0   2.6874407887799308   
0.220527405233   0.2   0   0.006366530241018645   0   2.6874407887799308   
0.275040783548   0.2   0   0.008640291041382447   4   2.6874407887799308   
0.235100271501   0.4   0   0.005911778080945885   0   2.6874407887799308   
0.346271783999   0.2   0   0.009095043201455207   0   2.6874407887799308   
0.162846848189   0.1   0   0.004092769440654843   0   3.081682683772639   
0.280482153744   0.3   0   0.010004547521600727   0   3.694055119468434   
0.072802469543   0.1   0   0.00045475216007276033   0   3.694055119468434   
0.214778592107   0.1   0   0.0036380172805820826   0   3.694055119468434   
0.22915558237   0.1   0   0.005911778080945885   0   3.694055119468434   
0.23409503387   0.1   0   0.0036380172805820826   0   3.694055119468434   
0.168105682335   0.0   0   0.004547521600727604   0   3.694055119468434   
0.348968973283   0.3   0   0.009549795361527967   0   3.694055119468434   
0.20806729996   0.2   0   0.0031832651205093224   0   3.694055119468434   
0.0882630272767   0.0   0   0.002728512960436562   0   3.694055119468434   
0.185804061992   0.2   0   0.0050022737608003635   0   3.694055119468434   
0.10020110476   0.1   0   0.002273760800363802   0   3.694055119468434   
0   0.0   0   0.0   0   3.694055119468434   
0   0.0   0   0.0   0   3.694055119468434   
0   0.0   0   0.0   0   3.694055119468434   
0.0142465190016   0.0   0   0.0009095043201455207   0   3.694055119468434   
0.230354185289   0.3   0   0.004547521600727604   0   3.694055119468434   
0.511104166579   0.3   0   0.008640291041382447   0   3.694055119468434   
0.402542160184   0.3   0   0.0068212824010914054   1   4.421661994577433   
0.144039363478   0.1   0   0.004092769440654843   2   5.421661994577433   
0.172111250607   0.2   0   0.0050022737608003635   2   6.326196028310724   
0.162188385141   0.2   0   0.004092769440654843   2   7.326196028310724   
0.106635434982   0.1   0   0.0031832651205093224   1   7.4610975823397645   
0.100485705923   0.1   0   0.002273760800363802   1   7.305778366659101   
0.115118257514   0.2   1   0.0031832651205093224   1   0   
