0.185282799238   0.0   1   0.004547521600727604   0   0   
0.232221134103   0.2   0   0.006366530241018645   2   0   
0.24537275841   0.1   0   0.005457025920873124   0   0   
0.232575758925   0.1   0   0.005457025920873124   0   0   
0.0334207022121   0.0   0   0.001364256480218281   0   0   
0.240529456842   0.2   0   0.0068212824010914054   2   0   
0.454331692112   0.2   0   0.010459299681673489   4   0   
0.146542277726   0.1   0   0.002273760800363802   0   0   
0.307768155381   0.3   0   0.005457025920873124   0   0   
0.189734947062   0.2   0   0.002728512960436562   0   0   
0.361064759776   0.3   0   0.008640291041382447   2   1.0   
0.52191789023   0.3   0   0.009549795361527967   0   1.0   
0.0387198990341   0.0   0   0.001364256480218281   0   1.0   
0.129744508665   0.0   0   0.0036380172805820826   0   1.0   
0.305931149082   0.3   0   0.005911778080945885   0   1.7518094115561125   
0.497974974015   0.5   0   0.007730786721236926   0   1.7518094115561125   
0.412320735966   0.5   0   0.008640291041382447   1   2.5789796034246235   
0.354267571271   0.1   0   0.007730786721236926   3   2.5789796034246235   
0.163065535449   0.0   0   0.0036380172805820826   0   2.5789796034246235   
0.283124375922   0.2   0   0.0068212824010914054   0   2.5789796034246235   
0.114269876833   0.3   0   0.0031832651205093224   0   2.5789796034246235   
0.415753202912   0.5   0   0.009095043201455207   0   2.5789796034246235   
0.136877039603   0.0   0   0.0031832651205093224   0   2.5789796034246235   
0.0966747774033   0.0   0   0.002728512960436562   0   2.5789796034246235   
0.44722266961   0.4   0   0.010004547521600727   0   3.314959675618611   
0.290810663553   0.1   0   0.005911778080945885   0   3.314959675618611   
0.115453923894   0.0   0   0.004547521600727604   0   3.314959675618611   
0.575880316452   0.2   0   0.010914051841746248   0   3.973240264222994   
0.420740187006   0.4   0   0.005911778080945885   0   3.973240264222994   
0.408391682   0.3   0   0.005457025920873124   0   3.973240264222994   
0.262587312895   0.1   0   0.005911778080945885   0   4.973240264222993   
0.188930270672   0.2   0   0.002728512960436562   2   4.973240264222993   
0.353636322733   0.3   0   0.006366530241018645   3   4.973240264222993   
0.490248721669   0.4   0   0.007730786721236926   0   1.8124454029106756   
0.45510622449   0.0   1   0.010914051841746248   5   0   
