0.605931182005   0.3   1   0.005911778080945885   0   1.0   
0.116252098481   0.1   0   0.002273760800363802   0   1.0   
0.667153879917   0.3   0   0.005911778080945885   0   1.0   
0.592072759483   0.1   0   0.006366530241018645   1   1.0   
0.648122748027   0.2   0   0.005457025920873124   1   1.0   
0.718917601582   0.4   0   0.005457025920873124   1   1.9607689228305227   
0.911455425973   0.5   0   0.010004547521600727   2   2.6678757040170704   
0.3048539003   0.2   0   0.004547521600727604   0   2.6678757040170704   
1.04666836415   0.5   0   0.010459299681673489   0   3.360696027044621   
0.208794522504   0.2   0   0.0036380172805820826   0   3.360696027044621   
0.779123406586   0.2   0   0.01227830832196453   2   3.982867043882876   
0.152404424748   0.1   0   0.0036380172805820826   0   4.251997323620088   
0.675703810132   0.3   0   0.007730786721236926   0   4.251997323620088   
0.258572835503   0.1   0   0.0031832651205093224   0   4.251997323620088   
0.0983136992422   0.0   0   0.002273760800363802   0   4.251997323620088   
0.473068594939   0.3   0   0.002728512960436562   0   2.8411688495392196   
0.095242034566   0.0   0   0.001364256480218281   0   2.8411688495392196   
0.931806527671   0.5   0   0.008185538881309686   0   3.707194253323658   
0.673354142355   0.4   0   0.0050022737608003635   0   4.346376498605237   
0.153558441522   0.0   0   0.002273760800363802   0   4.346376498605237   
0.442729963144   0.1   0   0.0036380172805820826   1   4.346376498605237   
0.310279916781   0.3   1   0.0031832651205093224   0   0   
