1.04146333377   0.1   1   0.009549795361527967   1   0   
0.29573696015   0.1   0   0.004092769440654843   0   0   
0.605622776798   0.4   0   0.007276034561164165   0   0   
0.573360826523   0.0   0   0.005911778080945885   0   0   
0.640077109493   0.2   0   0.008185538881309686   1   0   
0.603317433881   0.3   0   0.006366530241018645   0   0   
0.631256644808   0.0   0   0.005457025920873124   0   0   
0.203481294709   0.1   0   0.002273760800363802   0   0   
0.624512024627   0.1   0   0.0068212824010914054   3   0   
1.16426854621   0.5   0   0.010914051841746248   2   1.0   
0.0250230647218   0.1   0   0.0009095043201455207   0   0   
0   0   1   0.0   0   0   
