0.479571160677   0.5   1   0.009549795361527967   1   0   
0.24787124731   0.1   0   0.008640291041382447   0   0   
0.318574936336   0.3   0   0.007276034561164165   0   0   
0.385087290752   0.4   0   0.009095043201455207   0   0   
0.316117227507   0.2   0   0.006366530241018645   1   0   
0.262368775821   0.0   0   0.0068212824010914054   0   0   
0.293332082949   0.3   0   0.005911778080945885   4   0   
0.316307907989   0.4   0   0.0068212824010914054   1   0   
0.25312880226   0.2   0   0.006366530241018645   0   0   
0.520382342555   0.4   0   0.010004547521600727   0   0   
0.274823611715   0.2   0   0.0050022737608003635   0   0   
0.0707499072327   0.0   0   0.002728512960436562   1   0   
0.350076375556   0.3   0   0.009095043201455207   2   0   
0.186682883706   0.2   0   0.0036380172805820826   0   0   
0.282392739109   0.3   0   0.006366530241018645   1   0   
0.494112508348   0.4   0   0.010004547521600727   0   0   
0.261087055161   0.3   0   0.005911778080945885   0   0   
0.220791131982   0.3   0   0.0036380172805820826   0   0   
0.0129997207736   0.0   0   0.0009095043201455207   0   0   
0.331751354844   0.4   0   0.004092769440654843   0   0   
0.248250751969   0.4   0   0.005457025920873124   2   0   
0.487211037898   0.3   0   0.008185538881309686   0   0   
0.321960179735   0.3   0   0.004092769440654843   1   0   
0.175811848896   0.1   0   0.004092769440654843   2   0   
0.156968686143   0.1   0   0.0031832651205093224   1   0   
0.294460447736   0.2   0   0.007730786721236926   1   0   
0.323304592277   0.2   0   0.007730786721236926   1   0   
0.393533212629   0.4   0   0.007276034561164165   2   1.0   
0.314154156476   0.3   0   0.005911778080945885   0   1.0   
0.17923375814   0.1   0   0.004547521600727604   0   1.0   
0.272550640465   0.2   0   0.0036380172805820826   0   1.0   
0.560255256897   0.2   0   0.015916325602546612   0   1.0   
2.16519091969   0.6   0   0.04456571168713051   12   1.298142396999972   
0.0291023245925   0.0   1   0.001364256480218281   0   0   
