0.355943845955   0.2   1   0.0031832651205093224   1   1.0   
0.140060112733   0.0   0   0.002273760800363802   0   1.0   
0.152718180832   0.0   0   0.002273760800363802   0   1.0   
1.06900919258   0.1   0   0.011368804001819008   2   1.0   
1.28368902543   0.6   0   0.010914051841746248   0   1.7999999999999998   
0.226052661915   0.2   0   0.002273760800363802   0   2.746572765295938   
0.572195675526   0.5   0   0.0068212824010914054   0   3.293076806147117   
0.459619099891   0.2   0   0.0050022737608003635   0   3.93125603432109   
0.395255922682   0.3   0   0.004092769440654843   0   4.636789717271648   
0.639855870967   0.3   0   0.006366530241018645   0   5.2024751422208855   
0.404270700079   0.2   0   0.0050022737608003635   3   5.4959948965030225   
0.346128167624   0.3   0   0.004547521600727604   3   6.165322917730283   
0.821689187604   0.5   0   0.007276034561164165   3   5.660546055063275   
0.927957700896   0.6   1   0.008185538881309686   4   0   
