0.0875371666405   0.1   1   0.0009095043201455207   0   0   
0.274844530172   0.2   0   0.0031832651205093224   0   1.0   
0.183703474696   0.1   0   0.0050022737608003635   0   1.0   
0.520352045956   0.4   0   0.008640291041382447   1   1.0   
0.117435181677   0.2   0   0.0018190086402910413   0   1.0   
0.0880077051876   0.2   0   0.001364256480218281   0   1.0   
0.228057366261   0.3   0   0.005911778080945885   1   1.0   
0.326745371308   0.2   0   0.005457025920873124   0   1.0   
0.191891020556   0.2   0   0.0036380172805820826   0   1.0   
0.122519892389   0.2   0   0.002273760800363802   0   1.0   
0.451596754972   0.1   0   0.010459299681673489   0   1.0   
0.268604055168   0.1   0   0.0068212824010914054   0   1.0   
0.791736318026   0.6   0   0.01182355616189177   0   1.0   
0.222669117328   0.2   0   0.0050022737608003635   0   1.0   
0.226553435546   0.1   0   0.0031832651205093224   0   1.0   
0.0315464790462   0.0   0   0.001364256480218281   0   1.0   
0.221195938007   0.3   0   0.0050022737608003635   0   1.8320502943378438   
0.0773494004967   0.1   0   0.0018190086402910413   0   2.221366862891896   
0.345513829514   0.3   0   0.005911778080945885   0   2.221366862891896   
0.266647141903   0.3   0   0.006366530241018645   0   2.221366862891896   
0.334535971007   0.3   0   0.0068212824010914054   0   2.221366862891896   
0.184484386027   0.2   0   0.002728512960436562   0   2.221366862891896   
0.426346873437   0.3   0   0.005457025920873124   2   2.221366862891896   
0.250113049921   0.2   0   0.004547521600727604   0   2.221366862891896   
0.264555837584   0.3   0   0.0031832651205093224   0   2.221366862891896   
0.46164283688   0.3   0   0.008185538881309686   1   2.221366862891896   
0.24770871618   0.1   0   0.005457025920873124   2   2.221366862891896   
0.145937920796   0.2   0   0.002728512960436562   0   2.221366862891896   
0.144402566677   0.1   0   0.0031832651205093224   0   2.221366862891896   
0.391301824352   0.3   0   0.006366530241018645   0   2.221366862891896   
0.47825232763   0.4   0   0.006366530241018645   0   2.221366862891896   
0.0608581470859   0.0   0   0.0018190086402910413   0   2.221366862891896   
0.342222207299   0.3   0   0.006366530241018645   0   2.221366862891896   
0.182711210181   0.1   0   0.002728512960436562   0   2.221366862891896   
0.0549321518448   0.0   0   0.0018190086402910413   0   2.221366862891896   
0.195283948388   0.1   0   0.0031832651205093224   0   2.221366862891896   
0.220547998079   0.2   0   0.004092769440654843   0   2.221366862891896   
0.307946220913   0.2   0   0.004092769440654843   0   2.221366862891896   
0.139002130618   0.0   0   0.002728512960436562   0   2.221366862891896   
0.0798857769021   0.1   0   0.001364256480218281   0   2.221366862891896   
0.1092162784   0.0   0   0.002273760800363802   0   2.221366862891896   
0.375812236088   0.3   0   0.005911778080945885   0   2.221366862891896   
0.362324859652   0.2   0   0.0036380172805820826   0   2.221366862891896   
0.279955411554   0.2   0   0.0050022737608003635   0   2.221366862891896   
0.320142232304   0.2   0   0.007730786721236926   3   2.221366862891896   
0.0725400854222   0.0   0   0.002273760800363802   0   2.221366862891896   
0.0313967640427   0.0   0   0.00045475216007276033   0   2.221366862891896   
0.0326976136615   0.0   0   0.0009095043201455207   0   2.221366862891896   
0.0515028182174   0.0   0   0.002273760800363802   0   2.221366862891896   
0.201637107106   0.3   0   0.002273760800363802   0   2.221366862891896   
0.202232409351   0.2   0   0.0018190086402910413   0   2.221366862891896   
0.0458939481978   0.0   1   0.0018190086402910413   0   0   
