0.37966123217   0.2   1   0.008185538881309686   1   0   
0.213871732533   0.3   0   0.004092769440654843   0   0   
0.047954815545   0.0   0   0.0018190086402910413   0   0   
0   0.0   0   0.0   0   0   
0   0.0   0   0.0   0   0   
0.326181664439   0.4   0   0.0068212824010914054   0   1.0   
0.527900747852   0.4   0   0.010459299681673489   2   1.0   
0.546341524411   0.3   0   0.01318781264211005   4   1.0   
0.336017707731   0.4   0   0.007276034561164165   0   1.9682458365518545   
0.303219307027   0.1   0   0.007730786721236926   3   1.9682458365518545   
0.205410655777   0.0   0   0.004547521600727604   0   1.9682458365518545   
0.2457348238   0.0   0   0.0068212824010914054   0   1.9682458365518545   
0.22864380688   0.2   0   0.005457025920873124   0   1.9682458365518545   
0.0941726672044   0.1   0   0.002728512960436562   0   1.9682458365518545   
0.163964752358   0.0   0   0.0050022737608003635   0   1.9682458365518545   
0.254226150556   0.1   0   0.0068212824010914054   0   2.9682458365518545   
0.0452172046854   0.0   0   0.0018190086402910413   0   2.9682458365518545   
0.290277202625   0.2   0   0.007276034561164165   1   2.9682458365518545   
0.0758664110137   0.2   0   0.0018190086402910413   0   2.5327955589886444   
0.146320706116   0.0   0   0.004092769440654843   0   2.5327955589886444   
0.243183162863   0.2   0   0.005457025920873124   2   2.5327955589886444   
0.212565376797   0.0   0   0.0068212824010914054   0   2.5327955589886444   
0.509503987971   0.2   0   0.011368804001819008   1   2.5327955589886444   
0.300063512929   0.3   0   0.008640291041382447   1   2.991627026729768   
0.149966358255   0.1   0   0.004547521600727604   0   3.491627026729768   
0.169002868508   0.1   0   0.005911778080945885   0   3.491627026729768   
0.327954537309   0.4   0   0.006366530241018645   0   3.491627026729768   
0.0826918297504   0.1   0   0.0031832651205093224   0   3.491627026729768   
0.22522447613   0.3   0   0.004547521600727604   0   3.491627026729768   
0.388857822682   0.2   0   0.010004547521600727   2   4.276091567282505   
0.178987446809   0.1   0   0.004547521600727604   0   4.276091567282505   
0.316205272643   0.4   0   0.009549795361527967   0   4.712527347754489   
0.0902994438202   0.2   0   0.0036380172805820826   0   5.419634128941037   
0.0238542777444   0.1   1   0.0009095043201455207   0   0   
