0.862990644428   0.6   1   0.006366530241018645   0   1.0   
0.619304784908   0.2   0   0.004547521600727604   0   1.0   
0.907222764079   0.3   0   0.008185538881309686   0   1.0   
1.09979590062   0.6   0   0.008185538881309686   0   1.881917103688197   
1.32860501913   0.8   0   0.010459299681673489   0   2.662106601293691   
0.937983406606   0.7   0   0.005457025920873124   0   3.464631799214893   
0.0213328255343   0.0   0   0.00045475216007276033   0   3.464631799214893   
0   0.0   0   0.0   0   3.464631799214893   
0   0.0   0   0.0   0   3.464631799214893   
0.315899936523   0.2   0   0.002273760800363802   0   3.2364102098499865   
0.920208131535   0.4   0   0.007730786721236926   0   3.778736354396627   
0.461290060491   0.4   0   0.002728512960436562   0   4.2351718189842655   
0.332809516751   0.2   1   0.002273760800363802   0   0   
