0.198828312083   0.0   1   0.01318781264211005   0   0   
0.0628002608999   0.0   0   0.0031832651205093224   0   0   
0.154028594549   0.2   0   0.0018190086402910413   0   0   
0.587075786737   0.6   0   0.007730786721236926   0   0   
0.503799685838   0.5   0   0.006366530241018645   0   0   
0.126283004128   0.0   0   0.006366530241018645   0   0   
0.4796122353   0.4   0   0.009549795361527967   0   0   
0.536598324114   0.6   0   0.008640291041382447   0   0   
0.144718036668   0.2   0   0.004092769440654843   0   0   
0.185694433578   0.2   0   0.007276034561164165   0   0   
0.383858535989   0.4   0   0.005457025920873124   0   0   
0.346291511516   0.3   0   0.007730786721236926   0   0   
0.708432425281   0.6   0   0.015461573442473852   2   0   
0.161292018682   0.3   0   0.0036380172805820826   1   0   
0.0921982024301   0.1   0   0.00045475216007276033   0   0   
0.392566340654   0.4   0   0.0050022737608003635   0   0   
0.226169867093   0.2   0   0.006366530241018645   0   0   
0.311920490386   0.2   0   0.004547521600727604   0   0   
0.0952937566035   0.0   0   0.004547521600727604   1   0   
0.38604642118   0.4   0   0.004092769440654843   0   0   
0.305036521656   0.2   0   0.008640291041382447   0   0   
0.212326825688   0.3   0   0.005457025920873124   0   0   
0.204182457766   0.3   0   0.006366530241018645   1   0   
0.208944471339   0.1   0   0.004092769440654843   0   0   
0.0464747048803   0.0   0   0.0031832651205093224   0   0   
0.0571935435524   0.2   0   0.0036380172805820826   0   0   
0.26885587591   0.2   0   0.007276034561164165   0   0   
0.236138179576   0.2   0   0.005911778080945885   0   0   
0.436380448669   0.4   0   0.0050022737608003635   0   0   
0.268127785563   0.1   0   0.008185538881309686   0   0   
0.189666297468   0.1   0   0.009095043201455207   1   0   
0.129593036121   0.1   0   0.001364256480218281   0   0   
0.122731247063   0.0   0   0.007730786721236926   0   0   
0.464194106395   0.4   0   0.010004547521600727   2   0   
0.128433100033   0.2   0   0.002273760800363802   0   0   
0.175257770761   0.2   0   0.010914051841746248   1   0   
0.219901024378   0.1   0   0.005457025920873124   0   0   
0.188364491705   0.1   0   0.0031832651205093224   0   0   
0.051223922564   0.0   0   0.0036380172805820826   0   0   
0.202033962581   0.1   0   0.005457025920873124   0   0   
0.229239007325   0.2   0   0.005911778080945885   0   0   
0.801819609251   0.6   0   0.010914051841746248   1   0   
0.401614072125   0.2   0   0.009095043201455207   0   0   
0.2065449155   0.2   0   0.0036380172805820826   0   0   
0.0914710144929   0.0   0   0.004092769440654843   0   0   
1.16567300912   0.3   0   0.020009095043201454   5   0   
0.289604948937   0.2   0   0.006366530241018645   1   0   
0.468879205832   0.2   0   0.01455206912232833   1   0   
0.243144444357   0.1   0   0.006366530241018645   0   0   
0.265326635339   0.1   0   0.006366530241018645   1   0   
0.198473484707   0.2   0   0.0031832651205093224   0   0   
0   0.0   0   0.0   0   0   
0   0.0   0   0.0   0   0   
0.0261990361269   0.0   0   0.0018190086402910413   0   0   
0.297140744104   0.2   0   0.004092769440654843   0   0   
0.384177017654   0.3   0   0.0031832651205093224   1   0   
0.190109707203   0.2   0   0.0031832651205093224   0   0   
0.228439126166   0.1   0   0.0050022737608003635   1   0   
0.262724356759   0.2   0   0.007276034561164165   1   0   
0.110671380612   0.1   0   0.002273760800363802   0   0   
0.236977171114   0.2   0   0.004547521600727604   0   0   
0.209655658655   0.1   0   0.004092769440654843   0   0   
0.0246798261658   0.0   0   0.001364256480218281   0   0   
0.539650190782   0.5   0   0.009549795361527967   2   0   
0.520955263085   0.2   0   0.005457025920873124   0   0   
0.312834086875   0.2   0   0.01182355616189177   0   0   
0.268696896805   0.1   0   0.008640291041382447   0   0   
0.342565380211   0.2   0   0.007730786721236926   2   0   
0.0679874851666   0.0   0   0.0036380172805820826   0   0   
0.0069389750018   0.0   1   0.00045475216007276033   0   0   
