0.0341575317659   0.0   1   0.0009095043201455207   0   0   
0.442377799884   0.1   0   0.009095043201455207   0   0   
0.279144779055   0.2   0   0.004092769440654843   0   0   
0.081215826166   0.0   0   0.002273760800363802   0   0   
0.0144254759565   0.0   0   0.00045475216007276033   0   0   
0.207736651312   0.2   0   0.002728512960436562   0   0   
0.385442319812   0.0   0   0.007276034561164165   0   0   
0.306493091174   0.2   0   0.0036380172805820826   0   0   
0.819375647619   0.5   0   0.01182355616189177   0   0   
0.767630201311   0.2   0   0.010459299681673489   0   0   
0.498473751833   0.3   0   0.008185538881309686   0   0   
0.264559710894   0.1   0   0.0050022737608003635   0   0   
0.640067835194   0.4   0   0.008640291041382447   1   0   
0.633287905562   0.5   0   0.009095043201455207   0   0   
0.255271947125   0.0   0   0.0050022737608003635   0   0   
0   0.0   0   0.0   0   0   
0.141533873868   0.1   0   0.0018190086402910413   1   0   
0.599497579122   0.4   0   0.0068212824010914054   0   0   
0.543336296694   0.3   0   0.007276034561164165   0   0   
0.543348213805   0.4   0   0.011368804001819008   2   0   
0.774755447793   0.3   0   0.007276034561164165   0   0   
0.771482116046   0.4   0   0.010459299681673489   0   0   
0.411234698918   0.3   0   0.008185538881309686   1   0   
0.0170759362552   0.0   0   0.00045475216007276033   0   0   
0.050589708162   0.0   0   0.001364256480218281   0   0   
0.507725285215   0.4   0   0.005911778080945885   0   0   
0.622181341361   0.3   0   0.0068212824010914054   3   0   
0.131164586776   0.0   0   0.002273760800363802   0   0   
0.121414851123   0.1   0   0.0018190086402910413   0   0   
0.476645574595   0.4   0   0.004092769440654843   0   0   
0.324443799075   0.2   0   0.0036380172805820826   0   0   
0.313838115717   0.1   0   0.0050022737608003635   0   0   
0.482740304044   0.2   0   0.009095043201455207   0   0   
0.17992084474   0.0   0   0.004092769440654843   0   0   
0.324305478163   0.1   0   0.007730786721236926   0   1.0   
0.0509180626442   0.0   1   0.001364256480218281   0   0   
