0.0478642698582   0.0   1   0.001364256480218281   0   0   
0.0511615515936   0.0   0   0.001364256480218281   0   0   
0.398308756271   0.1   0   0.0031832651205093224   0   0   
0.822012305795   0.5   0   0.009549795361527967   0   1.0   
0.352783313396   0.0   0   0.007730786721236926   0   1.0   
0.470692249039   0.3   0   0.004547521600727604   0   1.0   
0.0183476930818   0.0   0   0.00045475216007276033   0   1.0   
0.576441948387   0.4   0   0.007276034561164165   0   1.0   
0.515474150721   0.1   0   0.0068212824010914054   0   1.4225771273642582   
0.581433654032   0.5   0   0.005457025920873124   0   1.4225771273642582   
0.577566352014   0.2   0   0.007276034561164165   0   1.4225771273642582   
0.517622972682   0.2   0   0.006366530241018645   0   2.374340073543159   
0.661177214477   0.4   0   0.008640291041382447   0   2.8035376111826347   
0.727657823243   0.6   0   0.008185538881309686   0   3.2444961630267337   
1.18911576647   0.6   0   0.008640291041382447   0   3.2444961630267337   
0.79173205617   0.4   0   0.010004547521600727   0   3.6263774709397203   
0.277662938984   0.6   0   0.0050022737608003635   0   4.190453545757487   
0   0.0   0   0.0   0   4.190453545757487   
0   0.0   0   0.0   0   4.190453545757487   
0   0.0   0   0.0   0   4.190453545757487   
0.0258463130652   0.0   0   0.0009095043201455207   0   4.190453545757487   
0.259304291296   0.1   0   0.004547521600727604   0   4.190453545757487   
0.509290721349   0.4   0   0.004547521600727604   0   4.782061524067449   
0.392616586608   0.4   0   0.007276034561164165   0   5.717475870760933   
0.0954966031844   0.1   0   0.001364256480218281   0   5.717475870760933   
0.353430216577   0.2   0   0.0031832651205093224   0   5.717475870760933   
0.481209748393   0.2   0   0.005457025920873124   0   5.717475870760933   
0.115309577742   0.0   0   0.002273760800363802   0   5.717475870760933   
0.349795825406   0.2   0   0.002728512960436562   0   5.717475870760933   
0.514762551206   0.1   0   0.005457025920873124   0   6.257537595628255   
0.29263904685   0.0   0   0.0068212824010914054   0   6.257537595628255   
0.195749379007   0.1   1   0.0036380172805820826   0   0   
