0.415035564868   0.3   1   0.009095043201455207   0   0   
0.260460524134   0.1   0   0.0068212824010914054   0   0   
0.328019783643   0.2   0   0.008185538881309686   0   0   
0.444900051558   0.3   0   0.008640291041382447   0   0   
0.455276038844   0.2   0   0.009549795361527967   0   0   
0.210078204771   0.1   0   0.007276034561164165   0   0   
0.322104776805   0.3   0   0.006366530241018645   0   0   
0.23493605626   0.3   0   0.005911778080945885   0   0   
0.246212099548   0.1   0   0.004547521600727604   0   0   
0.539919329885   0.3   0   0.009095043201455207   0   0   
0.296776622314   0.1   0   0.005911778080945885   0   0   
0.334588528528   0.1   0   0.010004547521600727   0   0   
0.363333529371   0.2   0   0.010914051841746248   2   0   
0.149022558746   0.1   0   0.0036380172805820826   0   0   
0.0536682202851   0.0   0   0.0009095043201455207   0   0   
0.184860400415   0.1   0   0.004092769440654843   0   0   
0.724929046195   0.5   0   0.01273306048203729   1   0   
0.363034332044   0.3   0   0.005911778080945885   0   0   
0.394745153793   0.5   0   0.007730786721236926   0   0   
0.802901165898   0.6   0   0.01409731696225557   1   0   
0.445861142127   0.3   0   0.010004547521600727   0   0   
0.255987602867   0.2   0   0.005457025920873124   0   0   
0.167241728385   0.0   0   0.0050022737608003635   0   0   
0.0558539119965   0.0   0   0.002728512960436562   0   0   
0.155988039011   0.1   0   0.0050022737608003635   0   0   
0.280998391559   0.3   0   0.004092769440654843   0   0   
0.254894962756   0.1   0   0.007730786721236926   0   0   
0.291937574726   0.3   0   0.009549795361527967   1   0   
0.307434746944   0.1   0   0.008640291041382447   0   1.0   
0.157772012046   0.1   0   0.0031832651205093224   0   1.0   
0.490133501911   0.2   0   0.009549795361527967   1   1.0   
0.159426484262   0.1   0   0.004547521600727604   0   1.0   
0.287133010746   0.2   0   0.0068212824010914054   0   1.0   
0.113202141442   0.1   0   0.002728512960436562   0   1.0   
0.221510792623   0.1   0   0.004547521600727604   2   1.0   
0.0690055338655   0.0   0   0.002273760800363802   1   1.0   
0.489389638263   0.1   0   0.01318781264211005   7   1.0   
0.543326427562   0.3   0   0.013642564802182811   5   1.7637626158259734   
0.327205926564   0.4   0   0.004547521600727604   0   1.7637626158259734   
0.231743551532   0.3   0   0.0050022737608003635   0   1.7637626158259734   
0.178993177131   0.3   0   0.0036380172805820826   0   1.7637626158259734   
0.348987976825   0.4   0   0.005457025920873124   0   1.7637626158259734   
0.0524900703744   0.0   1   0.002273760800363802   0   0   
