0.0236758775269   0.0   1   0.00045475216007276033   0   0   
0.0271451478951   0.0   0   0.0009095043201455207   0   0   
0.936913681719   0.4   0   0.01182355616189177   0   1.0   
0.611914082638   0.5   0   0.0068212824010914054   0   1.6582805886043832   
0.584224125766   0.2   0   0.008185538881309686   0   2.37977285184301   
0.357032767551   0.2   0   0.0050022737608003635   0   3.0193750009098412   
0.316161999858   0.3   0   0.006366530241018645   0   3.0193750009098412   
0.328691559182   0.2   0   0.004092769440654843   0   3.135020538088487   
0.234944084733   0.2   0   0.005911778080945885   0   3.135020538088487   
0.623977010705   0.3   0   0.007730786721236926   0   3.4988239756429866   
0.831738070659   0.6   0   0.006366530241018645   0   3.873823975642986   
0.345384849701   0.2   0   0.0036380172805820826   2   3.873823975642986   
0.598273580016   0.3   0   0.008185538881309686   0   3.873823975642986   
0.221473149385   0.1   0   0.002728512960436562   0   3.873823975642986   
0.429112347511   0.3   0   0.005457025920873124   0   4.306836677535205   
0.583351126735   0.3   0   0.005911778080945885   1   4.306836677535205   
0.420713731349   0.3   0   0.006366530241018645   0   4.707728540403842   
0.50941048788   0.3   0   0.007730786721236926   0   5.071531977958341   
0.718578392532   0.3   0   0.009549795361527967   1   5.697075220129566   
0.905889367518   0.4   0   0.007276034561164165   0   6.3678956133795035   
0.444242878643   0.2   0   0.0050022737608003635   0   6.3678956133795035   
0.588618843668   0.6   0   0.009095043201455207   1   6.703305810004472   
0.531080591429   0.2   0   0.008185538881309686   0   6.703305810004472   
0.219029218769   0.0   0   0.0036380172805820826   0   6.703305810004472   
0.610292440528   0.6   0   0.0068212824010914054   0   7.477902479245955   
0.575530985291   0.4   0   0.0050022737608003635   0   8.382436512979247   
0.0549132451571   0.0   0   0.001364256480218281   0   8.382436512979247   
0.28539375954   0.2   1   0.0036380172805820826   0   0   
