0.495918564935   0.3   1   0.010914051841746248   1   0   
0.757984234254   0.6   0   0.013642564802182811   1   1.0   
0.656713125348   0.5   0   0.011368804001819008   0   1.3513641844631532   
0.241847173573   0.2   0   0.002273760800363802   0   1.7596124749270163   
0.0544770835719   0.1   0   0.00045475216007276033   0   1.7596124749270163   
0.117354355296   0.1   0   0.0018190086402910413   0   1.7596124749270163   
0.260832405779   0.1   0   0.004092769440654843   0   2.0639027846521087   
0.542876831103   0.3   0   0.009095043201455207   0   2.676275220347903   
0.292078614207   0.3   0   0.0050022737608003635   0   2.951516161629493   
0.0616560975744   0.0   0   0.0018190086402910413   0   2.951516161629493   
0.20160496165   0.2   0   0.0031832651205093224   0   3.2965489413006703   
0.0188684602867   0.0   0   0.0009095043201455207   0   3.2965489413006703   
0.36176776346   0.3   0   0.005911778080945885   0   4.05610346661342   
0.342878932295   0.2   0   0.005911778080945885   0   4.309288308384336   
0.251115513463   0.0   0   0.007276034561164165   0   4.309288308384336   
0   0.0   0   0.0   0   4.309288308384336   
0   0.0   0   0.0   0   4.309288308384336   
0   0.0   0   0.0   0   4.309288308384336   
0.30591676171   0.1   0   0.005911778080945885   0   4.544990568779853   
0.571881525301   0.2   0   0.010459299681673489   0   4.7275647546149075   
0.364340114792   0.1   0   0.008640291041382447   1   4.7275647546149075   
0.517959661505   0.4   0   0.007276034561164165   0   5.184000219202546   
0.980149109346   0.5   0   0.018644838562983174   2   5.462423242397398   
0.339856826661   0.2   0   0.005457025920873124   0   5.725946380744763   
1.16041888329   0.4   0   0.015006821282401092   5   6.4884024926482   
0.435879299939   0.2   0   0.0050022737608003635   1   7.27986977216483   
0.385582455926   0.2   0   0.007276034561164165   2   7.4986197721648296   
0.315216433656   0.4   0   0.0031832651205093224   1   6.668423740965703   
0.495053452   0.5   1   0.006366530241018645   2   0   
