0.193109623315   0.2   1   0.0036380172805820826   1   0   
0.202666041014   0.2   0   0.010004547521600727   0   0   
0.285720938759   0.2   0   0.008640291041382447   1   0   
0.16754508254   0.2   0   0.005911778080945885   0   0   
0.101442382499   0.1   0   0.004547521600727604   2   0   
0.0245585699062   0.0   0   0.001364256480218281   0   0   
0.244555044456   0.1   0   0.009549795361527967   3   0   
0.150371177881   0.1   0   0.009095043201455207   5   0   
0.0774415779109   0.1   0   0.0050022737608003635   0   0   
0.178752681312   0.3   0   0.004547521600727604   0   0   
0.296343367062   0.2   0   0.010004547521600727   0   0   
0.178789656801   0.1   0   0.004092769440654843   0   0   
0.00950635986826   0.0   0   0.00045475216007276033   0   0   
0.218476567425   0.3   0   0.005911778080945885   0   1.0   
0.268119419637   0.2   0   0.005911778080945885   0   1.0   
0.157906731125   0.2   0   0.004547521600727604   0   1.0   
0.0846275665178   0.1   0   0.002273760800363802   0   1.0   
0.259923367   0.2   0   0.007276034561164165   0   1.0   
0.0633341296364   0.1   0   0.002728512960436562   0   1.0   
0.133348123135   0.1   0   0.005457025920873124   0   1.0   
0.0999419466655   0.0   0   0.004092769440654843   0   1.0   
0.384258633639   0.3   0   0.010459299681673489   0   1.0   
0.35912155904   0.6   0   0.008185538881309686   2   1.0   
0.423978604138   0.3   0   0.009095043201455207   0   1.0   
0.145626939708   0.1   0   0.0031832651205093224   0   1.0   
0.468436310587   0.2   0   0.01182355616189177   0   1.0   
0.548183618798   0.2   0   0.01637107776261937   3   1.570087712549569   
0.176328304062   0.1   0   0.0050022737608003635   1   1.570087712549569   
0.125911527261   0.1   0   0.006366530241018645   0   1.570087712549569   
0.153209691794   0.2   0   0.0036380172805820826   0   1.570087712549569   
0.0244423524885   0.0   0   0.0009095043201455207   0   1.570087712549569   
0.178698249451   0.2   0   0.006366530241018645   0   1.570087712549569   
0.0491079694051   0.0   0   0.002273760800363802   0   1.570087712549569   
0.153607028109   0.2   0   0.0036380172805820826   0   1.570087712549569   
0.139277093086   0.1   0   0.007730786721236926   0   1.570087712549569   
0.128231131285   0.1   0   0.004092769440654843   0   1.570087712549569   
0.129493932689   0.2   0   0.004547521600727604   0   2.377058019307029   
0.242141460494   0.2   0   0.005911778080945885   0   2.377058019307029   
0.0816936025717   0.0   0   0.0036380172805820826   0   2.377058019307029   
0.10322376145   0.1   0   0.004092769440654843   0   2.377058019307029   
0.148256312205   0.2   0   0.004092769440654843   0   2.377058019307029   
0.174107616001   0.2   0   0.005457025920873124   0   2.377058019307029   
0.323560334794   0.3   0   0.005911778080945885   1   2.377058019307029   
0.209400114335   0.1   0   0.0050022737608003635   0   2.377058019307029   
0.126839962116   0.1   0   0.0018190086402910413   0   2.377058019307029   
0.0447813294703   0.0   0   0.002273760800363802   0   2.377058019307029   
0.0953520760439   0.0   0   0.004547521600727604   0   2.377058019307029   
0.0609598254625   0.0   0   0.0031832651205093224   0   2.377058019307029   
0.0586691271873   0.0   0   0.0031832651205093224   0   2.377058019307029   
0.00543474313839   0.0   0   0.00045475216007276033   0   2.377058019307029   
0.169728338639   0.1   0   0.0036380172805820826   0   2.377058019307029   
0.0772697976694   0.0   0   0.004092769440654843   0   2.377058019307029   
0.0881551158935   0.1   0   0.0036380172805820826   0   2.377058019307029   
0.21361694558   0.0   0   0.009095043201455207   0   2.377058019307029   
0.203672555837   0.2   0   0.005911778080945885   0   2.377058019307029   
0.0290186521066   0.0   0   0.0009095043201455207   0   2.377058019307029   
0.24827057064   0.2   0   0.008185538881309686   2   2.377058019307029   
0.0381314115601   0.1   0   0.002273760800363802   0   2.377058019307029   
0.149099671331   0.1   0   0.007730786721236926   0   2.377058019307029   
0.247704987988   0.1   0   0.006366530241018645   1   2.377058019307029   
0.149216984595   0.2   0   0.004547521600727604   0   2.377058019307029   
0.185705134243   0.1   0   0.0036380172805820826   0   2.377058019307029   
0.35394804391   0.4   0   0.008185538881309686   1   3.122414011806959   
0.170380038397   0.1   0   0.004547521600727604   0   3.122414011806959   
0.2955325008   0.2   0   0.007730786721236926   1   3.8893790006543294   
0.0958276165061   0.1   0   0.002273760800363802   0   3.8893790006543294   
0.0705529069107   0.0   0   0.002273760800363802   1   2.375103132983617   
0.156267070205   0.1   0   0.002728512960436562   0   2.375103132983617   
0.231395990848   0.3   0   0.005911778080945885   0   2.375103132983617   
0.252843391924   0.2   0   0.007276034561164165   1   2.6386262713309825   
0.111051244157   0.1   0   0.0031832651205093224   0   2.6386262713309825   
0.2455500715   0.3   0   0.0050022737608003635   0   2.6386262713309825   
0.1285450788   0.0   0   0.0050022737608003635   0   2.6386262713309825   
0.00996538376483   0.0   0   0.00045475216007276033   0   2.6386262713309825   
0.0997927610264   0.0   0   0.004547521600727604   0   2.6386262713309825   
0.0899592929944   0.0   1   0.0031832651205093224   1   0   
