0.0375762050336   0.0   1   0.0018190086402910413   0   0   
0.373676609878   0.4   0   0.009095043201455207   1   0   
0.194253751348   0.1   0   0.005911778080945885   0   0   
0.43974879822   0.3   0   0.006366530241018645   1   0   
0.301197852202   0.4   0   0.008185538881309686   0   0   
0.34922814566   0.2   0   0.007730786721236926   0   0   
0.415371153333   0.2   0   0.009549795361527967   0   0   
0.163428690458   0.2   0   0.002273760800363802   0   0   
0.257436021979   0.3   0   0.007276034561164165   0   0   
0.291016882016   0.2   0   0.007276034561164165   0   0   
0.629384192922   0.4   0   0.010914051841746248   0   0   
0.338892035414   0.3   0   0.0050022737608003635   0   1.0   
0.0359445837089   0.0   0   0.002273760800363802   0   1.0   
0.333580863624   0.2   0   0.005457025920873124   0   1.0   
0.198611806586   0.2   0   0.006366530241018645   0   1.0   
0.265204341842   0.3   0   0.0050022737608003635   0   1.0   
0.310137941725   0.2   0   0.0068212824010914054   0   1.0   
0.0672897289887   0.0   0   0.0018190086402910413   0   1.0   
0.279155689942   0.1   0   0.005457025920873124   0   1.0   
0.267700892274   0.2   0   0.005911778080945885   1   1.0   
0.520479691276   0.5   0   0.010004547521600727   0   1.0   
0.365923544429   0.2   0   0.01182355616189177   0   1.0   
0.0124387390654   0.0   0   0.00045475216007276033   0   1.0   
0.214647322738   0.2   0   0.0050022737608003635   0   1.0   
0.300556170852   0.2   0   0.007276034561164165   3   1.0   
0.278630515247   0.2   0   0.006366530241018645   1   1.0   
0.13045446977   0.1   0   0.0036380172805820826   0   1.0   
0.0866722392162   0.1   0   0.0031832651205093224   0   1.0   
0.258484073678   0.1   0   0.006366530241018645   0   1.0   
0.506191265264   0.3   0   0.005911778080945885   2   1.0   
0.279824514662   0.3   0   0.0031832651205093224   1   1.0   
0.150443920424   0.1   0   0.0036380172805820826   0   1.0   
0.216441136736   0.1   0   0.002728512960436562   1   1.0   
0.459185673859   0.2   0   0.007730786721236926   5   1.0   
0.428197839908   0.3   0   0.005457025920873124   1   1.0   
0.264097173562   0.3   0   0.004547521600727604   2   1.0   
0.306703799712   0.3   0   0.005911778080945885   3   1.0   
0.222816707884   0.2   0   0.006366530241018645   2   1.0   
0.363659619611   0.1   0   0.0068212824010914054   1   1.0   
0.533125980358   0.4   0   0.009549795361527967   2   1.0   
0.267914039233   0.2   0   0.0050022737608003635   2   1.0   
0.0311526625268   0.0   0   0.001364256480218281   2   1.0   
0.266822290212   0.2   0   0.005911778080945885   0   1.0   
0.535164169984   0.5   0   0.011368804001819008   4   1.0   
0.261667513045   0.2   0   0.007730786721236926   2   1.0   
0.0966422241169   0.1   0   0.0018190086402910413   0   1.0   
0.467517289902   0.3   0   0.007730786721236926   1   1.0   
0.278892131377   0.2   0   0.0031832651205093224   1   1.0   
0.209079653201   0.2   0   0.0018190086402910413   1   1.0   
0.0162552618913   0.0   1   0.0009095043201455207   0   0   
