0.31091328943   0.3   1   0.010004547521600727   0   1.0   
0.14284276044   0.1   0   0.0068212824010914054   2   1.3952847075210473   
0.174884050458   0.4   0   0.004547521600727604   0   1.3952847075210473   
0.242704494728   0.1   0   0.0068212824010914054   3   2.0468940854957203   
0.1628302409   0.1   0   0.0036380172805820826   0   2.5605952524098012   
0.0300087511269   0.1   0   0.0018190086402910413   0   2.5605952524098012   
0.0431720718927   0.0   0   0.002728512960436562   0   2.5605952524098012   
0.0293482314462   0.0   0   0.0018190086402910413   0   2.5605952524098012   
0.0088777482526   0.0   0   0.0009095043201455207   0   2.5605952524098012   
0.18989662629   0.1   0   0.006366530241018645   0   2.948916834083613   
0.0229727390975   0.0   0   0.0009095043201455207   0   2.948916834083613   
0.266574369495   0.5   0   0.009549795361527967   0   3.251881253799075   
0.156500382124   0.2   0   0.004547521600727604   0   3.7113495455354153   
0.0979269108373   0.0   0   0.005911778080945885   0   3.7113495455354153   
0.0677122749091   0.1   0   0.0050022737608003635   0   3.7113495455354153   
0.378771357231   0.2   0   0.009549795361527967   0   4.014313965250877   
0.235278830607   0.3   0   0.0050022737608003635   0   4.890485619481239   
0.115182705528   0.2   0   0.002273760800363802   0   5.5402719091351695   
0.0431459510487   0.0   0   0.0018190086402910413   0   5.5402719091351695   
0   0.0   0   0.0   0   5.5402719091351695   
0   0.0   0   0.0   0   5.5402719091351695   
0.0402217668892   0.1   0   0.0031832651205093224   0   5.5402719091351695   
0.231022822551   0.1   0   0.007276034561164165   1   5.9035134877635596   
0.130764858841   0.2   0   0.004547521600727604   0   6.362981779499901   
0.298223375738   0.2   0   0.010004547521600727   2   6.637566603182539   
0.289046970291   0.1   0   0.007730786721236926   0   6.9899626964298225   
0.162027798401   0.1   0   0.004092769440654843   0   7.474284801267676   
0.164894677742   0.0   0   0.005911778080945885   0   7.474284801267676   
0.207506029183   0.2   0   0.0050022737608003635   0   8.350456455498037   
0.397382333211   0.2   0   0.007730786721236926   0   9.350456455498037   
0.443813883379   0.3   0   0.010459299681673489   0   3.8057469479508796   
0.221927125161   0.2   0   0.005457025920873124   0   3.93160488526782   
0   0.0   0   0.0   0   3.93160488526782   
0   0.0   0   0.0   0   3.93160488526782   
0.0574431673528   0.0   0   0.0031832651205093224   0   3.93160488526782   
0.37072544959   0.4   0   0.007730786721236926   0   4.121884201075924   
0.165546550277   0.1   0   0.0050022737608003635   0   4.253338529345236   
0.248153688615   0.0   0   0.009095043201455207   0   4.253338529345236   
0.177190618086   0.2   0   0.0031832651205093224   0   4.4181252506497755   
0.112386770856   0.0   0   0.0036380172805820826   0   4.572269113902623   
0.0922848910403   0.1   0   0.004547521600727604   0   4.572269113902623   
0.330551361749   0.4   0   0.008185538881309686   0   4.665221360838176   
0.450886667626   0.4   0   0.015006821282401092   0   4.738916222963429   
0.320558709745   0.5   0   0.005911778080945885   2   5.0766285069817325   
0.236045735794   0.1   0   0.007276034561164165   1   5.179391082483631   
0.126463778857   0.0   0   0.0036380172805820826   0   5.179391082483631   
0.0321768737598   0.0   0   0.0009095043201455207   0   5.179391082483631   
0.233247836479   0.0   0   0.006366530241018645   0   5.179391082483631   
0.0292815113994   0.0   0   0.0009095043201455207   0   5.179391082483631   
0.0242685619254   0.0   0   0.0009095043201455207   0   5.179391082483631   
0.0282057564368   0.0   0   0.0009095043201455207   0   5.179391082483631   
0.0283491040771   0.0   0   0.0009095043201455207   0   5.179391082483631   
0.413758408963   0.2   0   0.008640291041382447   0   5.179391082483631   
0.0733645966615   0.1   0   0.002273760800363802   0   5.179391082483631   
0.210058364254   0.0   0   0.005457025920873124   0   5.179391082483631   
0.0308376962618   0.0   0   0.0009095043201455207   0   5.179391082483631   
0.0462565443928   0.0   0   0.0009095043201455207   0   5.179391082483631   
0.259322921584   0.2   0   0.007276034561164165   1   5.384916233487427   
0.0261593926316   0.0   0   0.0009095043201455207   0   5.384916233487427   
0.0385471203273   0.0   0   0.0009095043201455207   0   5.384916233487427   
0.434597636476   0.3   0   0.010004547521600727   2   5.641427127067234   
0.0385471203273   0.0   0   0.0009095043201455207   0   5.641427127067234   
0.153886662156   0.0   0   0.004547521600727604   0   5.767285064384175   
0.256681230453   0.0   0   0.007276034561164165   0   5.8700476398860735   
0.0321768737598   0.0   0   0.0009095043201455207   0   5.8700476398860735   
0.0263438727382   0.0   0   0.0009095043201455207   0   5.8700476398860735   
0.0296877147997   0.0   0   0.0009095043201455207   0   5.8700476398860735   
0.126534684981   0.0   0   0.0036380172805820826   0   5.8700476398860735   
0.0385471203273   0.0   0   0.0009095043201455207   0   5.8700476398860735   
0.588723810191   0.2   0   0.01227830832196453   0   5.970733989739625   
0.0439442549018   0.0   0   0.001364256480218281   0   5.970733989739625   
0.309037482198   0.0   0   0.008185538881309686   0   5.970733989739625   
0.354177767298   0.3   1   0.006366530241018645   0   0   
