0.604856954828   0.7   1   0.008185538881309686   0   1.0   
0.0476115191268   0.0   0   0.0018190086402910413   0   1.0   
0.147310067806   0.1   0   0.004092769440654843   0   1.0   
0.126724161894   0.3   0   0.0031832651205093224   0   1.5345224838248488   
0.145021908635   0.0   0   0.004092769440654843   0   1.5345224838248488   
0.510249745763   0.1   0   0.0050022737608003635   0   2.3873253492472903   
0.408213264279   0.1   0   0.0036380172805820826   0   2.591550232831527   
0.0462814086921   0.0   0   0.001364256480218281   0   2.591550232831527   
0.661569485969   0.6   0   0.010914051841746248   0   2.976450412291278   
0.458281510866   0.3   0   0.005457025920873124   0   3.9531053427393963   
0.360435886011   0.2   0   0.0036380172805820826   0   4.283824256622471   
0.646738860311   0.5   0   0.010004547521600727   0   4.682686274231203   
0.616926166976   0.4   0   0.009095043201455207   0   4.873626928187696   
0.581502982133   0.5   0   0.0068212824010914054   0   5.356672819727344   
0.461008419066   0.1   0   0.005457025920873124   0   5.896734544594667   
0.660109614474   0.3   0   0.010004547521600727   0   6.447084083873674   
0.8521394291   0.5   0   0.013642564802182811   0   7.070693648335998   
0.54359172244   0.2   0   0.008640291041382447   0   7.887190229263724   
0.272926716424   0.1   0   0.005457025920873124   0   7.887190229263724   
0.1310993444   0.1   0   0.0036380172805820826   0   8.217909143146798   
0.538647510368   0.6   0   0.0068212824010914054   0   9.184000926226094   
1.14396289664   0.2   0   0.01318781264211005   0   9.50967039986556   
0.0871371712028   0.1   0   0.002728512960436562   0   9.891551707778547   
0.135435744632   0.0   0   0.0036380172805820826   0   9.891551707778547   
0.522046855719   0.3   0   0.011368804001819008   2   10.452800315794638   
0.755473113052   0.5   0   0.010914051841746248   0   10.636250162220973   
0.528248320084   0.2   0   0.007276034561164165   0   10.856729438143024   
0.743013584545   0.4   0   0.006366530241018645   0   11.792143784836508   
0.550241464179   0.3   0   0.008185538881309686   0   12.453581612602656   
0.424697763856   0.3   1   0.004547521600727604   0   0   
