0.214227172346   0.3   1   0.0036380172805820826   0   1.0   
0.876297855413   0.5   0   0.0263756252842201   7   1.0   
0.225058250503   0.2   0   0.005911778080945885   2   1.0   
0.232888625377   0.1   0   0.006366530241018645   2   1.0   
0.517265653473   0.4   0   0.01318781264211005   1   1.5252257314388902   
0.0886974668759   0.1   0   0.002273760800363802   0   1.5252257314388902   
0.0382462581294   0.0   0   0.0018190086402910413   0   1.5252257314388902   
0.119026442295   0.0   0   0.004547521600727604   0   1.5252257314388902   
0.645088299619   0.6   0   0.017280582082764895   1   1.9840571991800138   
0.549016809368   0.3   0   0.01273306048203729   0   2.9541996993253457   
0.582070221279   0.6   0   0.01227830832196453   0   3.462200207326108   
0.815525916611   0.8   0   0.019099590723055934   1   3.6622002073261077   
0.115205511234   0.3   0   0.002728512960436562   0   3.6622002073261077   
0.179070039442   0.2   0   0.004092769440654843   0   3.6622002073261077   
0.374625483863   0.5   0   0.006366530241018645   0   4.015753597919382   
0.256072961018   0.2   0   0.0068212824010914054   0   4.380901969589492   
0.578779327539   0.5   0   0.011368804001819008   0   4.888902477590254   
0.424783963284   0.5   0   0.013642564802182811   7   5.761774038534225   
0.477313399356   0.3   0   0.01318781264211005   3   6.269774546534987   
0.145819000632   0.1   0   0.004092769440654843   1   6.269774546534987   
0.425784463214   0.5   0   0.01182355616189177   0   6.269774546534987   
0.151274246904   0.1   0   0.004092769440654843   0   6.269774546534987   
0.179294185015   0.3   0   0.0050022737608003635   0   7.054239087087724   
0.243160325585   0.3   0   0.0068212824010914054   3   7.784535830427944   
0.208601085633   0.2   0   0.0050022737608003635   1   5.564088692743674   
0.248262280424   0.1   0   0.007276034561164165   0   5.564088692743674   
0.311254558779   0.2   0   0.009095043201455207   1   5.564088692743674   
0.343868348019   0.3   0   0.006366530241018645   0   5.564088692743674   
0.314929947951   0.2   0   0.010004547521600727   0   5.715471210448549   
0.0987293066315   0.1   0   0.002728512960436562   0   5.715471210448549   
0.316704100619   0.3   0   0.008185538881309686   1   5.910905200441191   
0.229255416389   0.2   0   0.004547521600727604   0   6.38961875431936   
0.257209362914   0.2   0   0.0068212824010914054   0   6.603705963963779   
0.20762417176   0.0   0   0.007730786721236926   0   6.603705963963779   
0.398344447494   0.3   0   0.010004547521600727   0   7.4167605084487676   
0.392865505379   0.4   0   0.010004547521600727   2   7.58601130854535   
0.279193916966   0.3   0   0.007730786721236926   1   7.58601130854535   
0.237731852321   0.2   0   0.005911778080945885   1   8.04594441404925   
0.169810825297   0.2   0   0.004092769440654843   0   8.04594441404925   
0.143641982167   0.0   0   0.005911778080945885   0   8.275910966801199   
0.117706938718   0.0   0   0.004092769440654843   0   8.275910966801199   
0.0216827551841   0.0   0   0.00045475216007276033   0   8.275910966801199   
0.139404006938   0.2   0   0.0036380172805820826   0   8.275910966801199   
0.120345663573   0.1   0   0.005911778080945885   0   8.275910966801199   
0.374095142276   0.5   0   0.009549795361527967   0   8.637784399029073   
0.256951221613   0.2   1   0.005911778080945885   0   0   
