0.342308353285   0.2   1   0.005911778080945885   0   0   
0   0.0   0   0.0   0   0   
0   0.0   0   0.0   0   0   
0.151123722896   0.1   0   0.0031832651205093224   0   0   
0.213068132887   0.2   0   0.0036380172805820826   0   0   
0.307415879415   0.4   0   0.0050022737608003635   0   1.0   
0.0818075264003   0.0   0   0.001364256480218281   0   1.9574271077563379   
0.345786913902   0.1   0   0.007276034561164165   0   2.5738306111268705   
0.240600231474   0.0   0   0.004092769440654843   0   2.5738306111268705   
0   0.0   0   0.0   0   2.5738306111268705   
0   0.0   0   0.0   0   2.5738306111268705   
0   0.0   0   0.0   0   2.5738306111268705   
0.0152906813947   0.0   0   0.00045475216007276033   0   2.5738306111268705   
0.291343400953   0.3   0   0.005911778080945885   0   3.3134308727605095   
0.188848070541   0.2   0   0.0031832651205093224   0   3.3134308727605095   
0   0.0   0   0.0   0   3.3134308727605095   
0   0.0   0   0.0   0   3.3134308727605095   
0.200512022278   0.2   0   0.004092769440654843   0   3.3134308727605095   
0.280563884002   0.3   0   0.005457025920873124   0   3.69833105222026   
0.459297108202   0.4   0   0.0068212824010914054   0   3.69833105222026   
0.404553968912   0.2   0   0.0068212824010914054   0   3.69833105222026   
0.159597215717   0.2   0   0.002728512960436562   0   3.69833105222026   
0.355711268802   0.2   0   0.006366530241018645   0   3.69833105222026   
0   0.0   0   0.0   0   3.69833105222026   
0   0.0   0   0.0   0   3.69833105222026   
0   0.0   0   0.0   0   3.69833105222026   
0.535530870284   0.3   0   0.007276034561164165   0   3.69833105222026   
0.650624532101   0.7   0   0.009549795361527967   1   3.9892882392015827   
0.518335061048   0.2   0   0.009549795361527967   0   4.571202613164229   
0.252485241172   0.2   0   0.004092769440654843   1   4.571202613164229   
0.228275956427   0.0   0   0.0050022737608003635   0   4.571202613164229   
0.264219303153   0.3   0   0.0031832651205093224   0   5.0751552438431995   
0.109000011842   0.1   0   0.001364256480218281   0   5.0751552438431995   
0.280894407239   0.2   0   0.0050022737608003635   0   5.0751552438431995   
0.233030732961   0.2   0   0.0031832651205093224   0   6.035349490095428   
0.20851806857   0.2   0   0.0036380172805820826   0   5.301373333595791   
0.459148245659   0.2   1   0.008640291041382447   0   0   
