0.673963922947   0.6   1   0.006366530241018645   0   0   
0.27270652343   0.2   0   0.006366530241018645   3   0   
0.603414502101   0.5   0   0.005911778080945885   0   0   
0.513761694767   0.5   0   0.0050022737608003635   0   0   
0.502680365331   0.4   0   0.007276034561164165   0   0   
0.706721442492   0.5   0   0.008640291041382447   2   0   
0.395882450318   0.2   0   0.005457025920873124   0   0   
0.748305509019   0.2   0   0.010459299681673489   0   0   
0.965007508693   0.3   0   0.013642564802182811   2   0   
1.38985634851   0.4   0   0.017735334242837655   5   0   
0.608844461272   0.6   0   0.0068212824010914054   0   1.0   
0.294416410573   0.1   0   0.002728512960436562   0   1.0   
0.100103198173   0.0   0   0.002728512960436562   1   1.0   
0.499272481053   0.6   0   0.005911778080945885   0   1.0   
0.457989414144   0.1   0   0.006366530241018645   0   1.0   
0.255374446969   0.2   0   0.002728512960436562   0   1.0   
0.370470199824   0.3   0   0.006366530241018645   0   1.0   
0.659191546879   0.4   0   0.008640291041382447   0   1.0   
0.378167520365   0.2   0   0.0050022737608003635   0   1.0   
0.176717391752   0.0   0   0.0031832651205093224   0   1.0   
0.33208718678   0.1   0   0.0050022737608003635   0   1.0   
0.351670981417   0.3   0   0.007276034561164165   0   1.0   
0.495393822746   0.1   0   0.0050022737608003635   0   1.0   
0.23426156338   0.3   0   0.0036380172805820826   0   1.7302967433402214   
0.319331754165   0.2   0   0.002728512960436562   1   2.498480935818114   
0.056566929799   0.0   1   0.0018190086402910413   1   0   
