0.661964892694   0.5   1   0.010004547521600727   0   0   
0.0287805338805   0.0   0   0.001364256480218281   0   0   
0.260911910773   0.1   0   0.0068212824010914054   0   0   
0.261043208447   0.3   0   0.005911778080945885   0   0   
0.0130987185784   0.1   0   0.00045475216007276033   0   0   
0.159954702485   0.1   0   0.0050022737608003635   0   0   
0.339681157362   0.6   0   0.005457025920873124   0   1.0   
0.246826903949   0.2   0   0.004092769440654843   1   1.0   
0.137433895355   0.1   0   0.004092769440654843   0   1.0   
0.0276935831394   0.0   0   0.001364256480218281   0   1.0   
0.377155318239   0.3   0   0.008640291041382447   2   1.0   
0.26514705648   0.2   0   0.0050022737608003635   0   1.0   
0.238561420527   0.1   0   0.0050022737608003635   0   1.0   
0.22933128589   0.2   0   0.0031832651205093224   0   1.0   
0.38671115479   0.3   0   0.0068212824010914054   0   1.0   
0.0571348754085   0.0   0   0.002273760800363802   0   1.0   
0.0555730351696   0.0   0   0.0018190086402910413   0   1.0   
0.0582804112897   0.0   0   0.0031832651205093224   0   1.0   
0.21715601228   0.1   0   0.004092769440654843   0   1.0   
0.0342713370664   0.0   0   0.0018190086402910413   0   1.0   
0.291758887046   0.6   0   0.006366530241018645   0   1.8660254037844386   
0.254055654681   0.2   0   0.0031832651205093224   0   1.8660254037844386   
0.503396801223   0.3   0   0.010004547521600727   0   2.5731321849709863   
0.494142024836   0.4   0   0.010459299681673489   3   3.265952507998537   
0.0591923294516   0.0   0   0.002728512960436562   0   3.265952507998537   
0.10037983423   0.1   0   0.0036380172805820826   0   3.265952507998537   
0.382493336316   0.1   0   0.010004547521600727   3   3.265952507998537   
0.280531386044   0.3   0   0.005457025920873124   0   3.265952507998537   
0.280642792104   0.3   0   0.006366530241018645   0   3.265952507998537   
0.0800830993276   0.0   0   0.0018190086402910413   0   3.265952507998537   
0.250269375585   0.1   0   0.005911778080945885   1   3.265952507998537   
0.430417567579   0.3   0   0.01227830832196453   0   3.265952507998537   
0.0151380178197   0.0   0   0.00045475216007276033   0   3.265952507998537   
0.471932456068   0.5   0   0.008640291041382447   3   3.054783392403852   
0.337230551263   0.4   0   0.007276034561164165   0   3.5996457603464367   
0.248829959077   0.2   0   0.0050022737608003635   0   3.5996457603464367   
0.34311855698   0.2   0   0.0068212824010914054   0   3.5996457603464367   
0.201481455569   0.1   0   0.006366530241018645   0   3.5996457603464367   
0.212407992113   0.1   0   0.0050022737608003635   0   3.5996457603464367   
0.34185652324   0.3   0   0.007276034561164165   3   3.5996457603464367   
0.302276424529   0.2   0   0.006366530241018645   1   3.5996457603464367   
0.438294322996   0.4   0   0.007730786721236926   1   3.5996457603464367   
0.171287982792   0.0   0   0.0031832651205093224   0   4.423400231394351   
0.437690762062   0.3   0   0.008185538881309686   2   4.423400231394351   
0.135511765681   0.1   0   0.0036380172805820826   0   4.423400231394351   
0.11124697175   0.1   1   0.0031832651205093224   0   0   
