0.768734488508   0.3   1   0.009549795361527967   2   1.0   
0.637719383311   0.6   0   0.006366530241018645   0   1.0   
0.25945754895   0.2   0   0.006366530241018645   3   1.0   
0.566938548767   0.5   0   0.005911778080945885   0   1.0   
0.481362160413   0.5   0   0.0050022737608003635   0   1.0   
0.476474481104   0.4   0   0.007276034561164165   0   1.0   
0.678274620979   0.5   0   0.008640291041382447   2   1.0   
0.376831159635   0.2   0   0.005457025920873124   0   1.0   
0.704782022305   0.2   0   0.010914051841746248   0   1.0   
0.903050573562   0.3   0   0.013642564802182811   2   1.0   
1.11104124461   0.4   0   0.01637107776261937   5   1.0   
0.570412485025   0.6   0   0.0068212824010914054   0   1.8075728530872484   
0.283592752765   0.1   0   0.002728512960436562   0   1.8075728530872484   
0.0871750285006   0.0   0   0.002728512960436562   1   1.8075728530872484   
0.416543755141   0.6   0   0.0050022737608003635   0   1.8075728530872484   
0.432720750965   0.1   0   0.006366530241018645   0   1.8075728530872484   
0.2464557734   0.2   0   0.002728512960436562   0   1.8075728530872484   
0.352381191694   0.3   0   0.006366530241018645   0   1.8075728530872484   
0.611392721312   0.4   0   0.008640291041382447   0   1.8075728530872484   
0.356244732666   0.2   0   0.0050022737608003635   0   1.8075728530872484   
0.157738130764   0.0   0   0.0031832651205093224   0   1.8075728530872484   
0.261883110681   0.1   0   0.004092769440654843   0   1.8075728530872484   
0.325107601567   0.3   0   0.007276034561164165   0   1.8075728530872484   
0.465337666463   0.1   0   0.0050022737608003635   0   1.8075728530872484   
0.212302342458   0.3   0   0.0036380172805820826   0   2.32006456795981   
0.312959576063   0.2   0   0.002728512960436562   1   3.0092348542733633   
0.059453585567   0.0   1   0.0018190086402910413   1   0   
