0.302514065076   0.1   1   0.010459299681673489   0   0   
0.401056557805   0.2   0   0.01409731696225557   1   0   
0.38033818599   0.3   0   0.0068212824010914054   0   0   
0.533261128514   0.5   0   0.01227830832196453   4   1.0   
0.0952050022732   0.2   0   0.0036380172805820826   0   1.0   
0.0802831297672   0.0   0   0.002728512960436562   0   1.0   
0.266365838551   0.3   0   0.0050022737608003635   0   1.0   
0.0902241975923   0.0   0   0.0036380172805820826   2   1.0   
0.180581573817   0.1   0   0.005457025920873124   0   1.0   
0.404911057432   0.3   0   0.010004547521600727   0   1.0   
0.277001892466   0.1   0   0.005911778080945885   1   1.0   
0.303255909525   0.1   0   0.007730786721236926   3   1.0   
0.0985709535857   0.0   0   0.0036380172805820826   0   1.0   
0.299935836368   0.2   0   0.004547521600727604   0   1.0   
0.371815173736   0.1   0   0.007730786721236926   0   1.0   
0.278591362364   0.0   0   0.010004547521600727   1   1.0   
0.223382676614   0.2   0   0.006366530241018645   0   1.0   
0.101552066502   0.1   0   0.0036380172805820826   0   1.0   
0.0606918431441   0.0   0   0.002273760800363802   0   1.0   
0.242616740491   0.3   0   0.007730786721236926   0   1.0   
0.121571846372   0.1   0   0.004547521600727604   0   1.0   
0.155826944026   0.2   0   0.006366530241018645   0   1.0   
0.0403044287977   0.0   0   0.001364256480218281   0   1.0   
0.297587845691   0.3   0   0.007730786721236926   1   1.0   
0.169101822645   0.1   0   0.0050022737608003635   0   1.0   
0.342804777698   0.3   0   0.010914051841746248   1   1.0   
0.465869816185   0.2   0   0.009095043201455207   1   1.0   
0.133126970701   0.1   0   0.0031832651205093224   0   1.4913036844405174   
0.185415520358   0.1   0   0.002273760800363802   0   1.4913036844405174   
0.364544070526   0.2   0   0.010004547521600727   0   1.4913036844405174   
0.439334953303   0.2   0   0.009095043201455207   0   1.4913036844405174   
0.153109328385   0.2   0   0.004547521600727604   0   1.4913036844405174   
0.199369949794   0.2   0   0.004547521600727604   0   1.6508582874395439   
0.449888529664   0.2   0   0.009095043201455207   0   1.6508582874395439   
0.374225063482   0.3   0   0.005911778080945885   0   2.611627210270067   
0.236164912979   0.1   0   0.006366530241018645   1   2.920233910194251   
0.0779152662816   0.0   0   0.0018190086402910413   0   2.920233910194251   
0.122168008517   0.0   0   0.004092769440654843   0   2.920233910194251   
0.192713026786   0.1   0   0.002728512960436562   0   2.920233910194251   
0.267786514783   0.2   0   0.005911778080945885   0   3.240490217804425   
0.124150395292   0.1   1   0.002728512960436562   0   0   
