0.471374779228   0.2   1   0.0068212824010914054   0   0   
0.71051391158   0.2   0   0.008185538881309686   2   0   
0.508843385288   0.1   0   0.0036380172805820826   0   0   
0.994890107423   0.4   0   0.007730786721236926   0   0   
1.00122184095   0.3   0   0.007730786721236926   0   1.0   
0.58001686075   0.2   0   0.005911778080945885   0   1.0   
0.730683782529   0.3   0   0.007276034561164165   0   1.0   
0.41016084359   0.1   0   0.002728512960436562   0   1.0   
0.79428643748   0.3   0   0.0068212824010914054   0   1.8885233166386381   
0.475492970104   0.1   0   0.0036380172805820826   0   1.8885233166386381   
0.309291416737   0.0   0   0.004547521600727604   0   1.8885233166386381   
0.907289748295   0.1   0   0.007730786721236926   0   1.8885233166386381   
0.666710202655   0.3   0   0.0068212824010914054   0   2.8885233166386386   
0.240788630188   0.3   0   0.0018190086402910413   0   2.491627026729768   
1.20416750826   0.3   0   0.009095043201455207   1   3.3444298921522098   
0.110642815343   0.0   0   0.001364256480218281   0   3.3444298921522098   
0.464406774199   0.3   1   0.006366530241018645   1   0   
