0.594610792506   0.2   1   0.007730786721236926   0   0   
0.198687038639   0.1   0   0.002728512960436562   1   0   
0.600661335471   0.3   0   0.010459299681673489   0   1.0   
0.53698531232   0.6   0   0.007276034561164165   0   1.8   
0.55165681442   0.5   0   0.007730786721236926   0   2.1233808333817774   
0.458921497867   0.4   0   0.007730786721236926   0   3.093523333527109   
0.18988716513   0.0   0   0.0050022737608003635   0   3.093523333527109   
0.255099185235   0.1   0   0.005911778080945885   0   3.093523333527109   
0.145622263078   0.0   0   0.004092769440654843   0   3.093523333527109   
0.720831959146   0.3   0   0.01318781264211005   2   3.3329970695628086   
0.25506886958   0.3   0   0.004547521600727604   0   3.754634090918593   
0.449524464361   0.3   0   0.007730786721236926   0   3.754634090918593   
0.703435938023   0.3   0   0.007276034561164165   0   3.754634090918593   
0.0832855219439   0.0   0   0.002273760800363802   0   3.754634090918593   
0.359293141952   0.3   0   0.004547521600727604   0   3.754634090918593   
0.545069664865   0.5   0   0.008185538881309686   0   4.350918884918537   
0.277067508066   0.2   0   0.004092769440654843   0   4.795363329362981   
0   0.0   0   0.0   0   4.795363329362981   
0   0.0   0   0.0   0   4.795363329362981   
0   0.0   0   0.0   0   4.795363329362981   
0.198851853108   0.3   0   0.004547521600727604   0   5.63863737207455   
0.487853027427   0.4   0   0.010004547521600727   0   5.92290499388203   
0.631620119812   0.3   0   0.007276034561164165   0   5.92290499388203   
0.0734427632785   0.1   0   0.002273760800363802   0   5.92290499388203   
0.0155454649806   0.0   0   0.00045475216007276033   0   5.92290499388203   
0.223167246611   0.0   0   0.004092769440654843   1   5.92290499388203   
0.315764852726   0.2   0   0.006366530241018645   0   6.256238327215363   
0.17566756098   0.3   1   0.0050022737608003635   0   0   
