0.343323117248   0.2   1   0.005457025920873124   1   1.0   
0.133810749471   0.1   0   0.0068212824010914054   0   1.0   
0.0267113844647   0.0   0   0.0009095043201455207   0   1.0   
0.0548175003643   0.0   0   0.002273760800363802   0   1.7745966692414832   
0.383613934919   0.3   0   0.009095043201455207   1   2.5131456151174794   
0.366424203454   0.3   0   0.006366530241018645   1   3.4389657148900312   
0.143440910372   0.0   0   0.005457025920873124   0   3.9389657148900312   
0.342994194673   0.3   0   0.008185538881309686   1   4.713562384131515   
0.229683248691   0.0   0   0.007276034561164165   0   4.713562384131515   
0.0808717809202   0.0   0   0.0031832651205093224   0   4.713562384131515   
0.300644747143   0.3   0   0.004547521600727604   1   5.30287407332777   
0.241381293337   0.2   0   0.007730786721236926   0   5.609401255110021   
0.328077374304   0.4   0   0.0050022737608003635   1   5.512200499098682   
0.00683090565794   0.0   0   0.00045475216007276033   0   5.512200499098682   
0   0.0   0   0.0   0   5.512200499098682   
0   0.0   0   0.0   0   5.512200499098682   
0.00975273311489   0.0   0   0.0009095043201455207   0   5.512200499098682   
0.311665927581   0.3   0   0.007730786721236926   0   6.203764573906807   
0.0983533757253   0.1   0   0.004092769440654843   0   6.572278439501852   
0.255961183154   0.3   0   0.0031832651205093224   2   7.407989333539197   
0.391370896841   0.2   0   0.008640291041382447   1   8.168875243791879   
0.207783266303   0.0   0   0.008185538881309686   0   8.168875243791879   
0.115294396422   0.0   0   0.004092769440654843   2   8.168875243791879   
0.142552408564   0.0   0   0.0050022737608003635   0   8.168875243791879   
0.118615658078   0.0   0   0.004547521600727604   0   8.168875243791879   
0.280986917181   0.1   0   0.006366530241018645   1   8.464343663934518   
0.361964556882   0.2   0   0.008185538881309686   1   8.958756896407563   
0.0911348811897   0.1   0   0.0031832651205093224   0   8.958756896407563   
0.564046292831   0.5   0   0.010914051841746248   2   9.392385986799557   
0.388066232768   0.4   0   0.006366530241018645   1   9.983322827084836   
0.352095157075   0.2   0   0.008640291041382447   1   9.983322827084836   
0.354029820168   0.2   0   0.005911778080945885   0   10.5965669677567   
0.175027386923   0.2   0   0.004547521600727604   1   10.946169917146753   
0.0136660107845   0.0   0   0.0009095043201455207   0   10.946169917146753   
0.295061103052   0.4   0   0.007276034561164165   0   10.946169917146753   
0.309021742808   0.2   0   0.0050022737608003635   1   11.612836583813419   
0.267502956331   0.2   0   0.0031832651205093224   1   12.448547477850763   
0.172209028878   0.1   0   0.007276034561164165   0   12.448547477850763   
0.108293115985   0.3   0   0.002273760800363802   0   12.448547477850763   
0.188882037653   0.2   0   0.006366530241018645   0   12.448547477850763   
0.307899358503   0.3   0   0.004547521600727604   1   12.869224310578275   
0.314204000766   0.4   0   0.0050022737608003635   2   13.504866036742003   
0.356239221406   0.3   0   0.005911778080945885   1   14.381924056049032   
0.0950879377345   0.1   0   0.0031832651205093224   0   15.178743128938628   
0.160409445862   0.1   0   0.005911778080945885   0   15.178743128938628   
0.244091139321   0.2   0   0.004547521600727604   0   15.512076462271962   
0.270039456462   0.2   0   0.0036380172805820826   1   16.25743245477189   
0.0685355326317   0.0   0   0.002728512960436562   0   16.687763937683826   
0.0965404944633   0.0   0   0.005457025920873124   1   16.687763937683826   
0.259553810304   0.2   0   0.0031832651205093224   1   17.484583010573424   
0.0175583493635   0.0   0   0.0009095043201455207   0   17.484583010573424   
0.100533832767   0.1   0   0.0036380172805820826   0   17.484583010573424   
0.155016928176   0.1   0   0.006366530241018645   0   17.766301095482927   
0.0497895167801   0.0   0   0.002273760800363802   0   17.766301095482927   
0.289089272534   0.2   0   0.005457025920873124   2   18.374881714933114   
0.238246450353   0.2   0   0.002728512960436562   1   19.235544680756984   
0.127320886079   0.1   0   0.006366530241018645   0   19.798980850575994   
0.300930872608   0.1   0   0.013642564802182811   6   19.991430940305868   
0.25917679574   0.2   0   0.0031832651205093224   1   20.788250013195466   
0.47028801407   0.4   1   0.010004547521600727   1   0   
