0.444734526523   0.4   1   0.006366530241018645   0   0   
0.0943556111541   0.1   0   0.0018190086402910413   0   0   
0.201341842034   0.2   0   0.004547521600727604   0   0   
0.100847378674   0.1   0   0.0031832651205093224   0   0   
0.337449987588   0.4   0   0.005911778080945885   0   0   
0.179779902741   0.2   0   0.002728512960436562   1   0   
0.351721630083   0.2   0   0.0068212824010914054   0   1.0   
0.0463934657085   0.1   0   0.001364256480218281   0   1.0   
0.717806044612   0.9   0   0.011368804001819008   0   1.0   
0.469756165336   0.2   0   0.007730786721236926   2   1.4442616583193193   
0.376568998207   0.5   0   0.006366530241018645   0   1.4442616583193193   
0.433672977305   0.5   0   0.008185538881309686   0   1.4442616583193193   
0.206553203027   0.2   0   0.0031832651205093224   0   1.4442616583193193   
0.260612166214   0.3   0   0.004547521600727604   0   1.4442616583193193   
0.391575857178   0.5   0   0.006366530241018645   0   1.4442616583193193   
0.0799261893332   0.1   0   0.001364256480218281   0   1.4442616583193193   
0.221230927458   0.2   0   0.004092769440654843   0   2.089758882687222   
0.329730924374   0.4   0   0.0031832651205093224   0   2.089758882687222   
0   0.0   0   0.0   0   2.089758882687222   
0   0.0   0   0.0   0   2.089758882687222   
0.0232111616239   0.0   0   0.00045475216007276033   0   2.089758882687222   
0.0166330418313   0.0   0   0.00045475216007276033   0   2.089758882687222   
0.10758673219   0.1   0   0.0009095043201455207   0   2.089758882687222   
0.140082358464   0.1   0   0.0018190086402910413   0   2.089758882687222   
0.303761150695   0.3   0   0.0050022737608003635   0   2.089758882687222   
0   0.0   0   0.0   0   2.089758882687222   
0   0.0   0   0.0   0   2.089758882687222   
0.122238859164   0.0   0   0.004092769440654843   0   2.089758882687222   
0.381513152296   0.5   0   0.0068212824010914054   0   2.089758882687222   
0.0401246505276   0.1   0   0.0009095043201455207   0   2.089758882687222   
0.0401246505276   0.1   0   0.0009095043201455207   0   2.089758882687222   
0.329789819758   0.4   0   0.005457025920873124   1   2.089758882687222   
0.13222131242   0.2   0   0.0009095043201455207   0   2.5261441063927785   
0.154751150568   0.2   0   0.002273760800363802   0   2.5261441063927785   
0.215772799097   0.3   0   0.002728512960436562   0   2.5261441063927785   
0.352534322917   0.3   0   0.008640291041382447   3   2.5261441063927785   
0.0820098838807   0.0   0   0.0036380172805820826   0   2.5261441063927785   
0.148066887684   0.1   0   0.0036380172805820826   1   2.5261441063927785   
0.109883800311   0.1   0   0.0036380172805820826   0   2.5261441063927785   
0.193575425217   0.3   0   0.002273760800363802   0   2.5261441063927785   
0.260153638818   0.1   0   0.006366530241018645   2   2.5261441063927785   
0.258435542392   0.1   0   0.0068212824010914054   0   2.5261441063927785   
0.210250021492   0.1   0   0.004547521600727604   0   2.9343923968566417   
0.221232364628   0.2   0   0.007276034561164165   0   3.267725730189975   
0.0426008211254   0.0   0   0.0018190086402910413   0   3.9748325113765226   
0.152256502217   0.1   0   0.002273760800363802   0   3.9748325113765226   
0.0210824750187   0.0   0   0.0009095043201455207   0   3.9748325113765226   
0.0716210088862   0.0   0   0.002728512960436562   0   3.9748325113765226   
0.15004282277   0.1   0   0.004547521600727604   0   3.962665231538037   
0.332222467196   0.3   0   0.007276034561164165   0   3.962665231538037   
0.0327361250886   0.0   0   0.0018190086402910413   0   3.962665231538037   
0.340903430877   0.4   0   0.006366530241018645   0   3.962665231538037   
0.27049043955   0.3   0   0.0036380172805820826   0   3.962665231538037   
0.167506461764   0.1   0   0.007276034561164165   0   3.962665231538037   
0.198590798768   0.1   0   0.0031832651205093224   0   3.962665231538037   
0.316943023385   0.1   0   0.008185538881309686   0   4.187398519025784   
0.0983911064618   0.1   0   0.0031832651205093224   0   4.585808055470582   
0   0.0   0   0.0   0   4.585808055470582   
0   0.0   0   0.0   0   4.585808055470582   
0   0.0   0   0.0   0   4.585808055470582   
0.194117350955   0.1   0   0.0031832651205093224   0   4.585808055470582   
0.120610834345   0.1   0   0.0031832651205093224   0   4.98421759191538   
0.150327263694   0.1   0   0.0050022737608003635   0   4.98421759191538   
0.662895340294   0.4   0   0.015916325602546612   3   4.98421759191538   
0.40405096744   0.3   0   0.010459299681673489   3   5.20401108304731   
0.186546473273   0.3   0   0.004092769440654843   0   5.20401108304731   
0.232470630884   0.1   1   0.008185538881309686   0   0   
