0.697624688235   0.6   1   0.01182355616189177   1   1.0   
0.114068180453   0.0   0   0.002728512960436562   0   1.0   
0.306431750494   0.2   0   0.005457025920873124   3   1.0   
0.149026603227   0.2   0   0.002728512960436562   1   1.720576692122892   
0.437021081588   0.2   0   0.008640291041382447   0   1.720576692122892   
0.442066418445   0.1   0   0.008185538881309686   0   2.009251826717705   
0.307237378503   0.0   0   0.005457025920873124   1   2.009251826717705   
0.211429635058   0.1   0   0.004092769440654843   0   2.417500117181568   
0.420962556132   0.2   0   0.0068212824010914054   0   2.417500117181568   
0.43704107787   0.2   0   0.008640291041382447   0   2.698475860656076   
0.286134277263   0.3   0   0.0068212824010914054   0   2.698475860656076   
0.220620083612   0.1   0   0.005911778080945885   1   2.698475860656076   
0.370195916216   0.4   0   0.008640291041382447   1   2.698475860656076   
0.239629491152   0.3   0   0.0050022737608003635   1   3.0677503335940743   
0.606096216475   0.4   0   0.009549795361527967   1   3.602272817418923   
0.437521063401   0.5   0   0.006366530241018645   1   4.584253323480889   
0.358218326752   0.2   0   0.006366530241018645   2   4.911580158834877   
0.365072572683   0.1   0   0.006366530241018645   2   4.911580158834877   
0.360622553997   0.1   0   0.007276034561164165   2   5.217766376682774   
0.413118060815   0.4   0   0.006366530241018645   0   5.872420047390751   
0.175785741891   0.1   0   0.0031832651205093224   0   5.872420047390751   
0.255038323504   0.3   0   0.0031832651205093224   2   5.228625733252385   
0.385609228463   0.3   0   0.005911778080945885   3   5.473225528487499   
0.32879566996   0.3   1   0.0050022737608003635   3   0   
