0.557870451241   0.6   1   0.010004547521600727   0   0   
0.210044556745   0.2   0   0.005911778080945885   0   0   
0.347833646685   0.2   0   0.0068212824010914054   0   0   
0.17187993736   0.1   0   0.005457025920873124   0   0   
0.795294919799   0.6   0   0.013642564802182811   0   1.0   
0.396205044282   0.4   0   0.009549795361527967   0   1.1494650464743443   
0.72392961205   0.5   0   0.01682582992269213   0   1.3492810900593604   
0.3374599328   0.2   0   0.007730786721236926   0   2.1603247759190243   
0.292272754427   0.2   0   0.009095043201455207   0   2.687155887764332   
0.109967506513   0.1   0   0.004092769440654843   0   2.687155887764332   
0.138283203421   0.1   0   0.002728512960436562   0   2.927620291058667   
0.265497248194   0.3   0   0.006366530241018645   0   2.927620291058667   
0.125485522285   0.1   0   0.0031832651205093224   0   2.927620291058667   
0.246103987329   0.2   0   0.0050022737608003635   3   3.105215022632399   
0.162807082517   0.1   0   0.004547521600727604   0   3.4777408743582643   
0.203709286663   0.1   0   0.004092769440654843   0   3.674079237482915   
0.118026448434   0.1   0   0.004547521600727604   0   3.8603421633458477   
0.14922742325   0.1   0   0.005911778080945885   0   3.8603421633458477   
0.226316814692   0.1   0   0.004547521600727604   0   3.8603421633458477   
0.836738144782   0.6   0   0.01682582992269213   0   4.11277720164897   
0.186153853251   0.1   0   0.0031832651205093224   0   4.11277720164897   
0.164373410565   0.2   0   0.0031832651205093224   1   4.11277720164897   
0   0.0   0   0.0   0   4.11277720164897   
0   0.0   0   0.0   0   4.11277720164897   
0.148804391563   0.0   0   0.005457025920873124   0   4.11277720164897   
0.149345479245   0.0   0   0.005457025920873124   1   4.11277720164897   
0.507677967156   0.5   0   0.01182355616189177   0   4.224090590573825   
0.197946217254   0.1   0   0.0031832651205093224   0   4.224090590573825   
0.010010795542   0.0   0   0.00045475216007276033   0   4.224090590573825   
0.343241431028   0.4   0   0.004547521600727604   0   4.410353516436758   
0.304206112318   0.4   0   0.0050022737608003635   0   4.943137711157953   
0.209099728451   0.4   0   0.0036380172805820826   0   5.567882557034236   
0.379146128001   0.4   0   0.005457025920873124   0   6.24801859784784   
0.324138351339   0.1   0   0.0068212824010914054   2   6.552184682089198   
0.0691868452248   0.0   0   0.002273760800363802   1   6.552184682089198   
0.629997994605   0.2   0   0.01318781264211005   7   7.475285963558694   
0.624396336141   0.3   1   0.01318781264211005   5   0   
