1.20349082884   0.5   1   0.01318781264211005   1   1.0   
0.217661230567   0.2   0   0.002728512960436562   0   1.0   
0.521134639494   0.3   0   0.0068212824010914054   0   1.7191949522280763   
0.178008927167   0.0   0   0.002728512960436562   0   1.7191949522280763   
0.746093019146   0.6   0   0.008640291041382447   0   1.644963360380885   
0.445057420901   0.3   0   0.004547521600727604   0   2.1044316521172255   
0.125482857435   0.0   0   0.0018190086402910413   0   2.8309148093740046   
0   0.0   0   0.0   0   2.8309148093740046   
0   0.0   0   0.0   0   2.8309148093740046   
0   0.0   0   0.0   0   2.8309148093740046   
0.254124464554   0.1   0   0.0036380172805820826   0   2.8309148093740046   
0.551083233921   0.2   0   0.0050022737608003635   0   3.7070864636043663   
0.707790176482   0.2   0   0.007276034561164165   2   4.433569620861145   
0.897913477862   0.5   0   0.008185538881309686   0   5.11850451007992   
0.115317409405   0.1   0   0.001364256480218281   0   5.957375002887781   
1.10005021567   0.7   0   0.010459299681673489   0   6.796245495695642   
0.382664756002   0.3   0   0.0036380172805820826   0   5.409986410661163   
0.861735586673   0.4   0   0.007730786721236926   0   6.259107866410789   
0.450174345742   0.3   0   0.004547521600727604   0   7.1285904711821555   
0.35106982367   0.2   0   0.0031832651205093224   0   7.821410794209705   
0.467336140369   0.4   1   0.0050022737608003635   0   0   
