0.375594847267   0.3   1   0.008185538881309686   0   1.0   
0.0992877296239   0.2   0   0.002273760800363802   0   1.9534625892455928   
0.20716233472   0.0   0   0.007276034561164165   0   2.5124795836205402   
0.512674546304   0.4   0   0.009549795361527967   4   2.2872627296919172   
0.0405821130467   0.0   0   0.001364256480218281   0   2.2872627296919172   
0.432031952872   0.4   0   0.009095043201455207   1   2.799610267989897   
0.160517632051   0.2   0   0.0036380172805820826   0   3.2046565616403884   
0.111619127565   0.1   0   0.001364256480218281   0   3.866094389406536   
0.0357736774123   0.0   0   0.001364256480218281   0   3.866094389406536   
0.53591561777   0.2   0   0.01273306048203729   4   4.696693296484701   
0.0304412752433   0.1   0   0.0009095043201455207   0   4.696693296484701   
0.0634745439191   0.0   0   0.0018190086402910413   0   4.696693296484701   
0.559512307365   0.3   0   0.008185538881309686   0   5.630892029478528   
0.264306057047   0.1   0   0.0050022737608003635   0   5.961181159016436   
0.141877065261   0.0   0   0.004547521600727604   1   5.961181159016436   
0.284159591676   0.0   0   0.006366530241018645   1   6.546721202785555   
0.535255875974   0.4   0   0.01318781264211005   3   6.940216704255928   
0.26692612732   0.2   0   0.0050022737608003635   0   6.940216704255928   
0.448126063555   0.3   0   0.009549795361527967   0   7.37839475026006   
0.556624865047   0.4   0   0.010459299681673489   0   7.589213260937952   
0.141243009626   0.3   0   0.004092769440654843   0   7.954361632608063   
0.0250975825474   0.1   0   0.0009095043201455207   0   8.728958301849547   
0.220356985603   0.1   0   0.005911778080945885   0   8.728958301849547   
0.234125267113   0.2   0   0.005457025920873124   0   8.728958301849547   
0.287465228981   0.1   0   0.008185538881309686   1   8.728958301849547   
0.2251477344   0.1   0   0.005911778080945885   0   8.728958301849547   
0.539385722572   0.2   0   0.009549795361527967   2   9.386225370855746   
0.250866423461   0.1   0   0.005457025920873124   2   9.386225370855746   
0.340085516019   0.4   0   0.007276034561164165   1   9.568412275741641   
0.262365540456   0.1   0   0.0050022737608003635   1   10.472946309474933   
0.588244952937   0.3   1   0.01273306048203729   2   0   
