0.34422911956   0.3   1   0.0036380172805820826   2   0   
0.0705101614582   0.1   0   0.002728512960436562   1   0   
0.316571567159   0.3   0   0.002273760800363802   2   0   
0.0730782311683   0.1   0   0.0031832651205093224   1   0   
0.400847768684   0.4   0   0.008185538881309686   0   0   
0.414423591899   0.3   0   0.008640291041382447   3   0   
0.432750279587   0.3   0   0.010459299681673489   1   0   
0.16969694527   0.1   0   0.0009095043201455207   0   0   
0   0.0   0   0.0   0   0   
0   0.0   0   0.0   0   0   
0.167430219756   0.3   0   0.0068212824010914054   0   1.0   
0.404977676696   0.4   0   0.01273306048203729   5   1.0   
0.460127880769   0.4   0   0.010004547521600727   0   1.0   
0.452126964377   0.4   0   0.009549795361527967   0   1.0   
0.44091191051   0.6   0   0.007730786721236926   1   1.9393364366277244   
0.343092274972   0.3   0   0.004547521600727604   0   1.9393364366277244   
0.509050387821   0.2   0   0.004092769440654843   2   1.9393364366277244   
0.321074237276   0.2   0   0.002728512960436562   1   1.9393364366277244   
0.734166419349   0.3   0   0.01318781264211005   4   1.9393364366277244   
0.406552814949   0.3   0   0.005911778080945885   1   1.9393364366277244   
0.284770537154   0.3   0   0.0050022737608003635   0   1.9393364366277244   
0.0241863903905   0.0   0   0.0018190086402910413   0   1.9393364366277244   
0.391585920495   0.3   0   0.007276034561164165   0   1.9393364366277244   
0.234328200573   0.2   0   0.0031832651205093224   0   1.9393364366277244   
0.243143789204   0.1   0   0.010914051841746248   0   2.623989633509182   
0.297974903335   0.3   0   0.0018190086402910413   0   2.623989633509182   
0.374220350649   0.4   0   0.010004547521600727   0   2.623989633509182   
0.0353295354872   0.0   0   0.0031832651205093224   0   2.623989633509182   
0.46784570528   0.4   0   0.010914051841746248   1   3.414559048551277   
0.935056285621   0.5   0   0.01227830832196453   3   3.414559048551277   
0.318691322132   0.3   0   0.007276034561164165   0   3.414559048551277   
0.401649167046   0.4   0   0.007276034561164165   0   3.414559048551277   
0.432632996437   0.5   0   0.0068212824010914054   0   3.414559048551277   
0.430935550742   0.3   0   0.009549795361527967   2   3.414559048551277   
0.278581544691   0.2   0   0.011368804001819008   1   3.414559048551277   
0.28533600652   0.1   0   0.009549795361527967   0   3.414559048551277   
0.556433649448   0.4   0   0.008640291041382447   0   3.414559048551277   
0.362153474352   0.1   0   0.011368804001819008   2   3.414559048551277   
0.29879187253   0.2   0   0.002728512960436562   0   3.414559048551277   
0.114254970436   0.1   0   0.0068212824010914054   0   3.414559048551277   
0.287142886439   0.1   0   0.007730786721236926   0   3.414559048551277   
0.469570272568   0.3   0   0.011368804001819008   0   3.5323047649964785   
0.817547669351   0.5   0   0.011368804001819008   0   3.5323047649964785   
0.722754418311   0.2   0   0.009095043201455207   1   3.5323047649964785   
0.052607158859   0.1   0   0.0036380172805820826   0   3.5323047649964785   
0.606736307908   0.3   0   0.011368804001819008   2   3.5323047649964785   
0.291816891696   0.3   0   0.010459299681673489   0   4.065674016660548   
0.467925644589   0.2   0   0.002273760800363802   0   4.065674016660548   
0.0194722566602   0.0   0   0.00045475216007276033   0   4.065674016660548   
0.181606690641   0.1   0   0.0009095043201455207   0   4.065674016660548   
0.0194722566602   0.0   0   0.00045475216007276033   0   4.065674016660548   
0.0194722566602   0.0   0   0.00045475216007276033   0   4.065674016660548   
0.346551649131   0.1   0   0.0018190086402910413   0   4.065674016660548   
2.05305340733   0.5   0   0.058663028649386086   120   4.065674016660548   
0.049393014864   0.1   1   0.0018190086402910413   0   0   
