0.262484749572   0.2   1   0.005911778080945885   0   0   
0.58950145354   0.5   0   0.008640291041382447   0   0   
0.465610318222   0.3   0   0.006366530241018645   0   0   
0.248201146348   0.1   0   0.007276034561164165   0   0   
0.396822479103   0.4   0   0.010004547521600727   0   0   
0.278385144077   0.3   0   0.007276034561164165   0   0   
0.474752504019   0.3   0   0.007276034561164165   0   0   
0.270705717149   0.2   0   0.009549795361527967   0   0   
0.353792249934   0.3   0   0.007276034561164165   0   0   
0.134026296358   0.0   0   0.0050022737608003635   0   0   
0.177552076019   0.0   0   0.005457025920873124   0   0   
0.233869192463   0.1   0   0.005911778080945885   0   0   
0.249722113399   0.1   0   0.008640291041382447   0   0   
0.1505551758   0.1   0   0.0050022737608003635   0   0   
0.0789037693662   0.0   0   0.002728512960436562   0   0   
0.515665257865   0.2   0   0.011368804001819008   0   0   
0.417506934916   0.4   0   0.007276034561164165   0   0   
0.14744067414   0.0   0   0.005457025920873124   0   1.0   
0.248329676397   0.1   0   0.007730786721236926   0   1.0   
0.20353441348   0.0   0   0.0068212824010914054   0   1.0   
0.0356572564851   0.1   0   0.002728512960436562   0   1.0   
0.0383549265907   0.0   0   0.0018190086402910413   0   1.0   
0.133273149499   0.1   0   0.004092769440654843   0   1.0   
0.302536777004   0.1   0   0.010004547521600727   0   1.0   
0.356290173158   0.3   0   0.008185538881309686   0   1.0   
0.344822388773   0.3   0   0.006366530241018645   1   1.0   
0.38500066662   0.3   0   0.009095043201455207   0   1.0   
0.0710097718132   0.0   0   0.0036380172805820826   0   1.0   
0.376829041534   0.5   0   0.0050022737608003635   0   1.0   
0.432539528626   0.5   0   0.007730786721236926   0   1.0   
0.32755094273   0.3   0   0.006366530241018645   1   1.0   
0.0864989439062   0.1   0   0.0018190086402910413   0   1.0   
0.307147407485   0.3   0   0.005911778080945885   0   1.0   
0.296495234894   0.1   0   0.009095043201455207   0   1.0   
0.272591973088   0.3   0   0.005457025920873124   0   1.0   
0.204284015501   0.2   0   0.007730786721236926   0   1.0   
0.323853645779   0.3   0   0.006366530241018645   0   1.0   
0.0865295982044   0.0   1   0.002728512960436562   0   0   
