0.242502041093   0.1   1   0.005457025920873124   0   0   
0.43339238907   0.5   0   0.007276034561164165   0   1.0   
0.402044302098   0.3   0   0.009095043201455207   0   1.4264014327112209   
0.443641808806   0.6   0   0.008640291041382447   0   1.6217539698109846   
0.0965074412377   0.2   0   0.004092769440654843   0   2.3952095392813146   
0.4143391692   0.4   0   0.008640291041382447   0   3.2555185412959213   
0.11284943988   0.2   0   0.0050022737608003635   0   3.2555185412959213   
0.0337335523619   0.0   0   0.002728512960436562   0   3.2555185412959213   
0.437305203258   0.3   0   0.009549795361527967   0   3.4191819589729158   
0.395462973599   0.4   0   0.007276034561164165   0   3.7727353495661897   
0.406890221786   0.3   0   0.008640291041382447   0   3.944797149969111   
0.0879892195771   0.1   0   0.006366530241018645   0   3.944797149969111   
0.464052991794   0.2   0   0.01182355616189177   0   4.09188425132275   
0.398832633216   0.4   0   0.0068212824010914054   0   5.060130087874604   
0.59975353809   0.3   0   0.01273306048203729   0   5.470922006003478   
0.3716386893   0.3   0   0.008640291041382447   0   5.6429838064063995   
0.135435177944   0.2   0   0.005911778080945885   0   5.85099637999086   
0.0782173960155   0.1   0   0.005457025920873124   0   5.85099637999086   
0.570090659625   0.4   0   0.010004547521600727   1   6.276206412126241   
0.36780136563   0.4   0   0.007730786721236926   0   6.458108130903491   
0.0747573523265   0.1   0   0.004092769440654843   0   6.458108130903491   
0.368995595803   0.2   0   0.006366530241018645   0   6.658554062337809   
0.690036284897   0.5   0   0.015461573442473852   0   7.533554062337809   
0.543131709352   0.3   0   0.010004547521600727   0   7.992833389109655   
0.0206719560965   0.0   0   0.0009095043201455207   0   7.992833389109655   
0.411988569576   0.3   0   0.002273760800363802   0   8.843253453380415   
0.200927905024   0.1   0   0.005911778080945885   0   9.051266026964877   
0.409657793447   0.2   0   0.008640291041382447   0   9.223327827367797   
0.479051326059   0.3   0   0.01182355616189177   0   9.365064504746258   
0.758102435764   0.6   0   0.017735334242837655   0   10.097901446814273   
0.138972206139   0.1   0   0.006366530241018645   0   10.097901446814273   
0.129129454358   0.0   0   0.006366530241018645   1   10.097901446814273   
0.339777043632   0.2   0   0.005911778080945885   0   10.299979915490116   
0.422937105459   0.5   0   0.007276034561164165   0   10.664282055729117   
0.00921286397708   0.0   0   0.00045475216007276033   0   10.664282055729117   
0.540054036353   0.5   0   0.008185538881309686   0   10.35097428124489   
0.405680483817   0.3   0   0.009549795361527967   0   10.617404226456408   
0.359246485176   0.3   0   0.006366530241018645   0   10.767988876940617   
0.0331058324602   0.1   0   0.002273760800363802   0   10.767988876940617   
0.0145236535301   0.0   0   0.0009095043201455207   0   10.767988876940617   
0.383784968164   0.5   0   0.006366530241018645   0   11.566584583190542   
0.316182202681   0.2   0   0.004547521600727604   0   11.768615092100985   
0.178923665533   0.2   0   0.009095043201455207   0   12.313450857384181   
0.488129878922   0.3   0   0.007276034561164165   0   12.74202228595561   
0.366071218063   0.5   0   0.005457025920873124   0   13.110877842737269   
0.319387222707   0.2   0   0.0050022737608003635   0   13.303506374869626   
0.242596673168   0.2   0   0.0068212824010914054   0   13.613407028896276   
0.450695261396   0.3   0   0.004547521600727604   0   14.166690364068765   
0.46254712587   0.4   0   0.005457025920873124   0   14.678931196640649   
0.581288141613   0.3   0   0.009549795361527967   0   15.078576114457926   
0.344914057951   0.4   1   0.009549795361527967   0   0   
