0.571792416665   0.5   1   0.007730786721236926   1   1.0   
0.0654185960177   0.0   0   0.001364256480218281   0   1.0   
0.428985067728   0.4   0   0.0036380172805820826   0   1.6859943405700355   
1.02711490301   0.4   0   0.010459299681673489   0   2.230325394521853   
0.0732204181392   0.1   0   0.002273760800363802   0   2.230325394521853   
0.615098039381   0.4   0   0.007730786721236926   0   2.230325394521853   
0.229926713628   0.1   0   0.0050022737608003635   0   2.230325394521853   
0.152427743201   0.0   0   0.002728512960436562   0   2.230325394521853   
0.434982354371   0.3   0   0.004092769440654843   0   3.173134436103916   
0.497787510794   0.4   0   0.005457025920873124   0   3.173134436103916   
0.70707201138   0.4   0   0.010459299681673489   6   3.738819861053154   
1.10207410174   0.5   0   0.010459299681673489   5   4.246820369053917   
0.28712672188   0.2   0   0.006366530241018645   0   4.246820369053917   
0.11690862265   0.0   0   0.002728512960436562   0   4.246820369053917   
0.185081160438   0.0   0   0.004092769440654843   0   4.246820369053917   
0.894963068034   0.3   0   0.01182355616189177   3   4.246820369053917   
0.0717247270055   0.1   0   0.0009095043201455207   1   4.246820369053917   
0.240687834361   0.1   0   0.0050022737608003635   1   4.246820369053917   
0.165778417698   0.1   0   0.004092769440654843   0   4.246820369053917   
0.28428391307   0.2   0   0.0036380172805820826   0   4.246820369053917   
0.0573970835829   0.0   0   0.001364256480218281   0   4.246820369053917   
0.282780894535   0.2   0   0.0050022737608003635   2   4.246820369053917   
0.226856090684   0.0   0   0.0036380172805820826   0   4.246820369053917   
0.595296483768   0.4   0   0.005457025920873124   0   5.063316949981643   
0.283801392204   0.4   0   0.004547521600727604   0   5.957744140981559   
0.0275985630999   0.0   0   0.00045475216007276033   0   5.957744140981559   
0.129585942799   0.1   1   0.0031832651205093224   0   0   
