0.446025452555   0.3   1   0.01182355616189177   2   1.0   
0.0607109781132   0.0   0   0.004092769440654843   0   1.0   
0.54597208748   0.5   0   0.01318781264211005   4   1.6239591018276214   
0.273283630514   0.1   0   0.0068212824010914054   0   1.8168707032267641   
0.232481489467   0.4   0   0.005911778080945885   0   2.0374735592694533   
0.353261753161   0.4   0   0.005457025920873124   0   2.496695024078642   
0.0267935410248   0.0   0   0.0009095043201455207   0   2.496695024078642   
0.130855955997   0.1   0   0.005457025920873124   0   2.496695024078642   
0.0290958060788   0.0   0   0.0018190086402910413   0   2.496695024078642   
0.0532620197824   0.0   0   0.002728512960436562   0   2.496695024078642   
0.379548602536   0.2   0   0.009549795361527967   0   2.8438338219609025   
0.153263779786   0.1   0   0.007276034561164165   0   2.8438338219609025   
0.359363000126   0.2   0   0.008185538881309686   0   3.218786577866227   
0.0443687936807   0.1   0   0.002273760800363802   0   3.218786577866227   
0.30615588045   0.3   0   0.008185538881309686   5   3.585391594954082   
0.218193274972   0.1   0   0.004092769440654843   1   3.7983504499540617   
0.328173084551   0.3   0   0.004547521600727604   1   4.202411467774946   
0.303384223138   0.3   0   0.0036380172805820826   0   4.654165419227572   
0.1289232888   0.2   0   0.004547521600727604   0   4.856195928138014   
0.527434664756   0.2   0   0.009095043201455207   0   5.50824659183464   
0.0734535319955   0.0   0   0.0036380172805820826   0   5.50824659183464   
0.283771706611   0.2   0   0.008640291041382447   0   5.654814927846805   
0.303649116558   0.4   0   0.0036380172805820826   0   6.106568879299431   
0.113556192101   0.1   0   0.0050022737608003635   0   6.106568879299431   
0.095278990546   0.2   0   0.004092769440654843   0   6.106568879299431   
0.35098665946   0.2   0   0.005457025920873124   0   6.475424436081089   
0.0137763975278   0.0   0   0.00045475216007276033   0   6.475424436081089   
0.433416837587   0.4   0   0.009095043201455207   7   7.475424436081089   
0.238512232004   0.2   0   0.0050022737608003635   0   7.668052968213445   
0.0795135144716   0.1   0   0.0036380172805820826   0   7.668052968213445   
0.0376150068849   0.1   0   0.001364256480218281   0   7.668052968213445   
0   0.0   0   0.0   0   7.668052968213445   
0   0.0   0   0.0   0   7.668052968213445   
0.208332893134   0.1   0   0.006366530241018645   0   7.838799912404072   
0.352345228888   0.5   0   0.0050022737608003635   2   8.224056976668782   
0.236998481761   0.3   0   0.004547521600727604   0   8.426087485579224   
0.13464632456   0.3   0   0.0050022737608003635   2   8.426087485579224   
0.313141811029   0.3   0   0.0036380172805820826   0   8.830148503400109   
0.0722011736137   0.0   0   0.0036380172805820826   0   8.830148503400109   
0.124372131048   0.0   0   0.0050022737608003635   0   8.830148503400109   
0.220501231249   0.2   0   0.005911778080945885   0   9.007340981384692   
0.0835733841384   0.2   0   0.004092769440654843   0   9.007340981384692   
0.048849461081   0.0   0   0.002728512960436562   0   9.007340981384692   
0.12496936128   0.1   0   0.004092769440654843   0   9.220299836384672   
0.0997210345541   0.1   0   0.004092769440654843   0   9.220299836384672   
0.0485527625279   0.1   0   0.002273760800363802   1   9.791728407813244   
0.251836431702   0.1   0   0.0050022737608003635   0   9.9843569399456   
0.331705855333   0.3   0   0.005457025920873124   2   10.325850828326855   
0.106973102405   0.0   0   0.0036380172805820826   0   10.325850828326855   
0.720021273459   0.6   0   0.01273306048203729   4   9.246921769801412   
0.259515342867   0.2   0   0.002273760800363802   0   9.931493937841012   
0.132626895416   0.0   0   0.004547521600727604   1   10.254204352662597   
0.213048763743   0.0   0   0.007730786721236926   0   10.254204352662597   
0.177063952308   0.1   0   0.004547521600727604   0   10.254204352662597   
0.286691162927   0.3   0   0.002728512960436562   0   10.670821706746493   
0.488818681678   0.3   0   0.007276034561164165   2   11.031622919040602   
0.140964069725   0.1   0   0.006366530241018645   0   11.167992959106437   
0.110309770779   0.0   0   0.005911778080945885   0   11.167992959106437   
0.523781225505   0.4   0   0.009549795361527967   0   11.487176378248646   
0.920569794139   0.4   1   0.02455661664392906   48   0   
