0.331285700588   0.4   1   0.004092769440654843   0   1.0   
0.135497626928   0.0   0   0.0031832651205093224   0   1.0   
0.252654127676   0.3   0   0.002728512960436562   0   1.0   
0.0737800349877   0.1   0   0.001364256480218281   0   1.0   
0.195032951423   0.1   0   0.005457025920873124   0   1.0   
0.138956755171   0.1   0   0.0031832651205093224   0   1.0   
0.260622705081   0.2   0   0.0050022737608003635   0   1.0   
0.154472152332   0.2   0   0.0036380172805820826   1   1.9428090415820634   
0.132794982047   0.1   0   0.0036380172805820826   0   1.9428090415820634   
0.148952378036   0.0   0   0.004547521600727604   0   1.9428090415820634   
0.236353252708   0.2   0   0.0050022737608003635   0   1.9428090415820634   
0.0631869243337   0.0   0   0.0018190086402910413   0   1.9428090415820634   
0.13846478418   0.2   0   0.0031832651205093224   0   2.817331450381682   
0.33705724249   0.3   0   0.006366530241018645   1   2.817331450381682   
0.134639976405   0.1   0   0.0036380172805820826   0   2.817331450381682   
0.687848730398   0.4   0   0.011368804001819008   0   2.817331450381682   
0.43382592028   0.3   0   0.007730786721236926   0   2.817331450381682   
0.159572560454   0.1   0   0.002273760800363802   0   2.817331450381682   
0.138856271669   0.2   0   0.004092769440654843   0   3.6992485540698787   
0.252665086254   0.1   0   0.005911778080945885   0   3.6992485540698787   
0.288111136016   0.3   0   0.004092769440654843   0   4.140207105913977   
0.176217600446   0.1   0   0.004547521600727604   0   4.140207105913977   
0.0728240745821   0.0   0   0.0018190086402910413   0   4.140207105913977   
0.0741814714479   0.0   0   0.002273760800363802   0   4.140207105913977   
0.291405265596   0.3   0   0.002728512960436562   0   4.140207105913977   
0.29082158782   0.2   0   0.0050022737608003635   0   4.140207105913977   
0.235132997637   0.2   0   0.004547521600727604   0   4.140207105913977   
0.279621621146   0.2   0   0.005457025920873124   0   4.140207105913977   
0.119632439225   0.0   0   0.0036380172805820826   0   4.140207105913977   
0.115827332417   0.2   0   0.0036380172805820826   0   4.140207105913977   
0.212439832411   0.1   0   0.005911778080945885   0   4.140207105913977   
0.225697979726   0.1   0   0.004547521600727604   0   4.140207105913977   
0.28207331186   0.2   0   0.004547521600727604   0   4.140207105913977   
0.387063142903   0.1   0   0.011368804001819008   0   4.140207105913977   
0.382236316824   0.3   0   0.0050022737608003635   0   4.140207105913977   
0.0344454761088   0.0   0   0.0009095043201455207   0   4.140207105913977   
0.114402763873   0.1   0   0.0031832651205093224   0   4.6402071059139764   
0.377691576977   0.3   0   0.007730786721236926   0   4.9288822405087895   
0.138058423761   0.0   0   0.004547521600727604   0   4.9288822405087895   
0   0.0   0   0.0   0   4.9288822405087895   
0.034046053658   0.0   0   0.0009095043201455207   0   4.9288822405087895   
0.112188573665   0.1   0   0.0031832651205093224   0   4.9288822405087895   
0.310496378676   0.3   0   0.005911778080945885   0   5.295781933361461   
0.205387906739   0.3   0   0.002273760800363802   0   5.295781933361461   
0.465163960663   0.3   0   0.01318781264211005   0   5.513261351461881   
0.345575718222   0.3   0   0.004547521600727604   0   5.513261351461881   
0.116644736258   0.3   1   0.0031832651205093224   0   0   
