0.266138556282   0.3   1   0.008185538881309686   0   1.0   
0.311319527515   0.4   0   0.005457025920873124   0   1.0   
0.249943279807   0.2   0   0.0068212824010914054   0   1.0   
0.471026891712   0.3   0   0.010004547521600727   1   1.0   
0.143182172395   0.1   0   0.0068212824010914054   0   1.0   
0.280705124951   0.2   0   0.004547521600727604   0   1.0   
0.23789880428   0.2   0   0.005911778080945885   0   1.0   
0.18279175769   0.4   0   0.004547521600727604   0   1.7453559924999302   
0.502784395373   0.6   0   0.011368804001819008   0   2.6940392905504438   
0.0627875044501   0.1   0   0.002728512960436562   0   2.6940392905504438   
0.255660975664   0.3   0   0.008185538881309686   0   3.439395283050374   
0.19212929005   0.3   0   0.004092769440654843   0   3.439395283050374   
0.593583773557   0.5   0   0.01182355616189177   0   3.998412277425321   
0.483719433524   0.6   0   0.010459299681673489   0   4.630867809458997   
0.267383883772   0.2   0   0.0036380172805820826   0   4.630867809458997   
0.358708357875   0.4   0   0.009549795361527967   3   4.630867809458997   
0.236744966191   0.3   0   0.0068212824010914054   0   5.03911609992286   
0.173412464902   0.2   0   0.004092769440654843   0   5.03911609992286   
0.379502513854   0.4   0   0.010459299681673489   1   5.368806336620754   
0.449693334009   0.7   0   0.010914051841746248   0   6.014303560988656   
0.082323188754   0.2   0   0.002728512960436562   0   6.659800785356559   
0.0549832172684   0.0   0   0.004092769440654843   0   6.659800785356559   
0.621149271192   0.5   0   0.01227830832196453   0   7.5406311146286145   
0.202851140025   0.1   0   0.006366530241018645   1   7.935915822149663   
0.516050099456   0.3   0   0.01318781264211005   0   7.935915822149663   
0.215922202487   0.2   0   0.004092769440654843   0   8.462962098844393   
0.383845031431   0.3   0   0.010004547521600727   2   9.108459323212294   
0.333427875674   0.2   0   0.007276034561164165   0   9.108459323212294   
0.220253818848   0.4   0   0.005457025920873124   0   6.388637205724145   
0.435450695104   0.3   0   0.009549795361527967   0   6.7968854961880085   
0.398955117267   0.2   0   0.015006821282401092   0   6.7968854961880085   
0.0666623412444   0.0   0   0.0036380172805820826   0   6.7968854961880085   
0.348166071848   0.4   0   0.006366530241018645   0   7.296885496188008   
0.103572526621   0.1   0   0.0036380172805820826   0   7.627604410071082   
0.26152530624   0.3   0   0.002728512960436562   0   7.627604410071082   
0.526030655169   0.5   0   0.010459299681673489   1   8.167666134938404   
0.178078451441   0.3   0   0.0036380172805820826   0   8.498385048821476   
0.339430007473   0.2   0   0.010004547521600727   0   8.498385048821476   
0.20640545931   0.2   0   0.004547521600727604   0   8.498385048821476   
0.109909196666   0.2   0   0.002273760800363802   0   8.916715062088514   
0.344201818131   0.2   0   0.0050022737608003635   0   8.916715062088514   
0.172987672212   0.1   0   0.004092769440654843   0   9.228519844319678   
0.377249514368   0.2   0   0.009549795361527967   0   9.228519844319678   
0.0714700964567   0.0   0   0.004547521600727604   0   9.228519844319678   
0.0424222548309   0.0   0   0.002273760800363802   0   9.228519844319678   
0.223672598137   0.1   0   0.0068212824010914054   0   9.711565735859324   
0.241683823824   0.3   1   0.009095043201455207   2   0   
