0.374061718058   0.6   1   0.009095043201455207   0   1.0   
0.373355819032   0.6   0   0.010459299681673489   1   1.894427190999916   
0.191902912517   0.2   0   0.008640291041382447   0   2.3532586587410393   
0.499084235154   0.5   0   0.01273306048203729   1   3.3265871855256144   
0.274365495652   0.2   0   0.010459299681673489   0   3.7114873649853646   
0.141464390157   0.2   0   0.0050022737608003635   0   3.7114873649853646   
0.335864590591   0.4   0   0.010914051841746248   0   3.9076035001235487   
0.255826515089   0.2   0   0.0068212824010914054   0   4.424001279617871   
0.150876127757   0.3   0   0.004547521600727604   0   4.424001279617871   
0.0467881023242   0.1   0   0.0018190086402910413   0   5.424001279617872   
0.138510015943   0.1   0   0.0068212824010914054   0   6.198597948859354   
0.386057879835   0.3   0   0.010004547521600727   0   7.01509452978708   
0.216443482687   0.2   0   0.005911778080945885   0   7.56979472601231   
0.102877379798   0.1   0   0.005911778080945885   0   8.086192505506633   
0.219393028456   0.2   0   0.006366530241018645   0   8.620714989331482   
0.297905892732   0.4   0   0.010004547521600727   0   9.187661698845323   
0.128245941792   0.0   0   0.008185538881309686   1   9.187661698845323   
0.173118966066   0.2   0   0.0031832651205093224   0   9.943590644863777   
0.0302586175764   0.0   0   0.002273760800363802   0   9.943590644863777   
0.402994571745   0.5   0   0.015006821282401092   1   10.61971404864659   
0.0425159866641   0.0   0   0.002273760800363802   0   10.61971404864659   
0.233414039867   0.2   0   0.005911778080945885   0   11.17441424487182   
0.401523614669   0.3   0   0.01637107776261937   0   11.648755893897077   
0.0757162675485   0.2   0   0.0031832651205093224   0   8.704927794637392   
0.0996968607607   0.0   0   0.007730786721236926   2   8.704927794637392   
0.0566710033344   0.0   0   0.0036380172805820826   0   8.704927794637392   
0.0979460356745   0.1   0   0.005911778080945885   0   8.888377641063729   
0.0099034544176   0.0   0   0.0009095043201455207   0   8.888377641063729   
0.293255037642   0.2   0   0.01227830832196453   2   9.134029483283987   
0.0572583142764   0.0   0   0.002273760800363802   0   9.429833472438968   
0.135883355335   0.0   0   0.009095043201455207   0   9.429833472438968   
0.035234413611   0.0   0   0.0031832651205093224   0   9.679833472438967   
0.241439556402   0.2   0   0.007730786721236926   2   10.000677946398842   
0.141508177003   0.1   0   0.005911778080945885   0   10.171460459164836   
0.189537548375   0.2   0   0.007276034561164165   1   10.171460459164836   
0.210740356648   0.4   0   0.006366530241018645   1   10.701790545054747   
0.249591101991   0.1   0   0.011368804001819008   1   10.947442387275006   
0.422441533843   0.4   0   0.010459299681673489   2   11.438746071715522   
0.205946212313   0.2   0   0.005457025920873124   0   11.969076157605434   
0.237567604904   0.3   0   0.009549795361527967   0   12.233651288711894   
0.383640849842   0.4   0   0.008640291041382447   0   12.647409251987419   
0.0491827927226   0.1   0   0.0018190086402910413   0   12.647409251987419   
0.269100514544   0.3   0   0.007730786721236926   0   12.968253725947294   
0.0682488385138   0.1   0   0.0036380172805820826   0   12.968253725947294   
0.142962572411   0.1   0   0.010004547521600727   1   12.968253725947294   
0.208314188293   0.2   0   0.0050022737608003635   0   13.367115743556026   
0.202432424923   0.3   0   0.004092769440654843   0   13.808074295400125   
0.0859779686493   0.0   0   0.005911778080945885   0   13.808074295400125   
0.157330456786   0.1   0   0.010459299681673489   2   13.808074295400125   
0.0507206461077   0.1   0   0.0031832651205093224   0   13.808074295400125   
0.141808222592   0.3   0   0.005457025920873124   1   13.808074295400125   
0.23013194602   0.3   0   0.010004547521600727   1   14.23113135151345   
0.090078122752   0.1   0   0.0050022737608003635   0   14.598031044366122   
0.189368781549   0.2   0   0.009549795361527967   1   15.149708328733494   
0   0.0   0   0.0   0   15.149708328733494   
0   0.0   0   0.0   0   15.149708328733494   
0.0426296919485   0.1   0   0.0018190086402910413   0   15.149708328733494   
0.385691237591   0.5   0   0.010004547521600727   2   15.431746366142375   
0.2368250267   0.3   0   0.007730786721236926   1   15.431746366142375   
0.0339008317457   0.0   0   0.001364256480218281   0   15.431746366142375   
0   0.0   0   0.0   0   15.431746366142375   
0   0.0   0   0.0   0   15.431746366142375   
0.138074776373   0.1   0   0.0068212824010914054   0   15.431746366142375   
0.0994137751037   0.2   0   0.0050022737608003635   0   15.631177374946743   
0.212175531513   0.3   0   0.007276034561164165   0   15.796536831888279   
0.0980618152357   0.1   0   0.004547521600727604   0   15.796536831888279   
0.114894474574   0.0   0   0.009095043201455207   1   15.796536831888279   
0.19594396372   0.2   0   0.008185538881309686   0   15.796536831888279   
0.288884358838   0.4   0   0.0068212824010914054   1   16.117381305848152   
0.0788534057034   0.1   0   0.0050022737608003635   0   16.117381305848152   
0.156932555136   0.2   0   0.007730786721236926   1   16.117381305848152   
0.0953318612737   0.0   0   0.0068212824010914054   0   16.117381305848152   
0.0582171745513   0.0   0   0.0031832651205093224   0   16.117381305848152   
0.199824422338   0.3   0   0.008185538881309686   0   16.273283696963734   
0.123303337217   0.1   0   0.006366530241018645   2   16.273283696963734   
0.0943408821998   0.0   0   0.0068212824010914054   1   16.273283696963734   
0.112273135394   0.1   0   0.007730786721236926   0   16.273283696963734   
0.0451889603283   0.0   0   0.004092769440654843   0   16.273283696963734   
0.175657989596   0.2   0   0.0068212824010914054   0   16.273283696963734   
0.119756842718   0.1   0   0.0068212824010914054   0   16.444066209729726   
0.132228201631   0.3   0   0.004547521600727604   0   16.444066209729726   
0.316465734728   0.4   1   0.008640291041382447   0   0   
