0.175512401569   0.2   1   0.008640291041382447   0   0   
0.0331391287821   0.0   0   0.0031832651205093224   0   0   
0.256125295185   0.1   0   0.007276034561164165   1   0   
0.234686351529   0.1   0   0.005911778080945885   0   1.0   
0.310154974101   0.4   0   0.008185538881309686   0   1.0   
0.0913029825271   0.0   0   0.006366530241018645   0   1.0   
0.333435202307   0.5   0   0.006366530241018645   0   1.0   
0.284322207234   0.3   0   0.0050022737608003635   0   1.9198662110078   
0.0782105619147   0.1   0   0.001364256480218281   0   1.9198662110078   
0.443817852009   0.2   0   0.008640291041382447   0   1.9198662110078   
0.32708076972   0.4   0   0.005911778080945885   0   1.9198662110078   
0.380066199516   0.5   0   0.008640291041382447   0   1.9198662110078   
0.183688974796   0.3   0   0.004547521600727604   0   1.9198662110078   
0.141653703752   0.2   0   0.004547521600727604   0   1.9198662110078   
0.334789589235   0.4   0   0.0068212824010914054   0   1.9198662110078   
0.132126147724   0.2   0   0.004547521600727604   0   1.9198662110078   
0.258984220632   0.4   0   0.004092769440654843   0   1.9198662110078   
0.339792551063   0.3   0   0.008185538881309686   0   1.9198662110078   
0.799045792976   0.5   0   0.02501136880400182   3   1.9198662110078   
0.0746087643145   0.2   0   0.001364256480218281   0   1.9198662110078   
0.245213766479   0.3   0   0.0036380172805820826   0   1.9198662110078   
0.0938581368117   0.1   0   0.004092769440654843   0   1.9198662110078   
0.298358009817   0.3   0   0.006366530241018645   0   1.9198662110078   
0.182641186319   0.3   0   0.007276034561164165   0   1.9198662110078   
0.343613148536   0.5   0   0.0068212824010914054   0   2.776215049585475   
0.446447145345   0.6   0   0.010004547521600727   3   2.776215049585475   
0.188188429609   0.3   0   0.005911778080945885   0   2.776215049585475   
0.0839918763524   0.1   0   0.002728512960436562   1   2.776215049585475   
0.0693444256077   0.1   0   0.0031832651205093224   0   2.776215049585475   
0.134085694591   0.1   0   0.005911778080945885   0   2.776215049585475   
0.337202346195   0.5   0   0.0068212824010914054   0   2.776215049585475   
0.0706057260602   0.1   0   0.002728512960436562   0   2.776215049585475   
0.392909389546   0.4   0   0.007730786721236926   0   2.776215049585475   
0.159424748564   0.3   0   0.005457025920873124   1   2.776215049585475   
0.0610531080717   0.0   0   0.004092769440654843   0   2.776215049585475   
0.345879505198   0.2   0   0.008185538881309686   0   3.5579510095560467   
0.220822466293   0.3   0   0.0031832651205093224   0   3.5579510095560467   
0.264077302584   0.3   0   0.008640291041382447   1   3.5579510095560467   
0.611772296223   0.4   0   0.010004547521600727   0   3.5579510095560467   
0   0.0   0   0.0   0   3.5579510095560467   
0.294014027356   0.2   0   0.006366530241018645   0   4.444356269983965   
0.247790716877   0.4   0   0.008640291041382447   0   4.444356269983965   
0.321782536293   0.3   0   0.006366530241018645   1   4.444356269983965   
0.0638550576755   0.0   0   0.004092769440654843   1   4.444356269983965   
0.358366688168   0.2   0   0.008640291041382447   1   4.444356269983965   
0.351997547139   0.2   0   0.008185538881309686   0   4.444356269983965   
0.126376480982   0.0   0   0.0050022737608003635   0   4.444356269983965   
0.268435444191   0.2   0   0.004547521600727604   0   4.444356269983965   
0.0143659734284   0.0   0   0.0009095043201455207   0   4.444356269983965   
0.293082571841   0.2   0   0.008185538881309686   1   3.84261982150039   
0.0702468766466   0.0   0   0.002728512960436562   0   3.84261982150039   
0.104635132473   0.0   0   0.0031832651205093224   0   3.84261982150039   
0.0911735420693   0.0   0   0.005457025920873124   0   3.84261982150039   
0.157539354059   0.0   0   0.008185538881309686   0   3.84261982150039   
0.204373055246   0.1   0   0.0036380172805820826   0   3.84261982150039   
0.235505190098   0.5   0   0.008185538881309686   2   3.84261982150039   
0.112359429497   0.1   0   0.004092769440654843   0   3.84261982150039   
0.0538030336452   0.0   0   0.0031832651205093224   0   3.84261982150039   
0.0425596282923   0.1   0   0.0009095043201455207   0   3.84261982150039   
0.356645729155   0.4   0   0.0068212824010914054   0   3.84261982150039   
0.29388152305   0.2   0   0.0050022737608003635   0   3.84261982150039   
0.00373585638441   0.0   0   0.00045475216007276033   0   3.84261982150039   
0.205024217352   0.2   0   0.005457025920873124   1   3.84261982150039   
0.0415639669741   0.1   0   0.001364256480218281   0   3.84261982150039   
0.177934010514   0.1   0   0.005911778080945885   2   3.84261982150039   
0.294161080312   0.2   0   0.0050022737608003635   0   3.84261982150039   
0.369634076885   0.2   0   0.005911778080945885   0   3.84261982150039   
0.163505539523   0.0   0   0.006366530241018645   0   3.84261982150039   
0.329411817348   0.2   0   0.008185538881309686   0   3.84261982150039   
0.482835164254   0.4   0   0.009095043201455207   0   3.84261982150039   
0.170468313967   0.1   0   0.008640291041382447   0   3.84261982150039   
0.296366613512   0.3   0   0.008640291041382447   1   3.84261982150039   
0.353889182675   0.3   0   0.007276034561164165   0   3.84261982150039   
0.33469916181   0.3   0   0.0068212824010914054   0   3.84261982150039   
0.219564598047   0.1   0   0.004547521600727604   0   3.84261982150039   
0.265648815966   0.1   0   0.006366530241018645   0   3.84261982150039   
0.0606520833754   0.0   1   0.0031832651205093224   0   0   
