0.267809610462   0.2   1   0.004092769440654843   0   0   
0.0993580780329   0.1   0   0.002728512960436562   0   0   
0.460607161385   0.2   0   0.010914051841746248   1   0   
0.154400522067   0.1   0   0.006366530241018645   0   0   
0.40453226852   0.3   0   0.007730786721236926   1   0   
0.235448452767   0.2   0   0.005457025920873124   0   0   
0.130656190767   0.1   0   0.004547521600727604   0   1.0   
0.103490470221   0.1   0   0.0036380172805820826   0   1.447213595499958   
0.692979602567   0.8   0   0.01273306048203729   0   1.447213595499958   
0.158984908275   0.1   0   0.006366530241018645   2   1.8251780685091852   
0.535329792742   0.6   0   0.009549795361527967   0   2.133784768433369   
0.430063754742   0.5   0   0.005911778080945885   0   2.133784768433369   
0.322616826367   0.4   0   0.007730786721236926   0   3.0184365053627515   
0.322855223544   0.3   0   0.005457025920873124   0   3.426684795826615   
0.522794061118   0.4   0   0.010914051841746248   2   3.70403489393923   
0.254262303348   0.3   0   0.004547521600727604   1   3.70403489393923   
0.0349876223817   0.0   0   0.002273760800363802   0   4.336490425972905   
0.019405293433   0.0   0   0.001364256480218281   0   4.336490425972905   
0.524703847593   0.4   0   0.009095043201455207   2   4.336490425972905   
0.251480932954   0.2   0   0.0036380172805820826   2   4.336490425972905   
0.485011428627   0.5   0   0.008640291041382447   1   4.336490425972905   
0.197200856522   0.4   0   0.0031832651205093224   0   4.336490425972905   
0.264596287631   0.3   0   0.007730786721236926   0   4.336490425972905   
0.497803140268   0.6   0   0.007730786721236926   0   4.336490425972905   
0.327977937089   0.3   0   0.0068212824010914054   0   4.336490425972905   
0.574356669738   0.5   0   0.007730786721236926   0   4.336490425972905   
0.356547428103   0.5   0   0.0050022737608003635   1   4.762891858684127   
0.179288565273   0.1   0   0.0036380172805820826   0   4.762891858684127   
0.335125651088   0.4   0   0.0036380172805820826   0   4.762891858684127   
0.248650810247   0.3   0   0.002728512960436562   0   4.762891858684127   
0.403684714326   0.6   0   0.005911778080945885   0   5.1551241289604945   
0.412527680038   0.3   0   0.008185538881309686   1   5.1551241289604945   
0.0629986785155   0.0   0   0.002273760800363802   0   5.1551241289604945   
0.100671718721   0.0   0   0.004547521600727604   0   5.1551241289604945   
0.0722139322896   0.0   0   0.002728512960436562   0   5.732474398150121   
0.0961666880168   0.1   0   0.002273760800363802   0   5.732474398150121   
0.315814446799   0.1   0   0.008185538881309686   0   5.732474398150121   
0.220161727675   0.2   0   0.004092769440654843   0   5.732474398150121   
0.0559932754677   0.0   0   0.002273760800363802   0   5.732474398150121   
0.238872203291   0.1   0   0.007730786721236926   1   6.075471568435138   
0.224747006209   0.2   0   0.006366530241018645   0   6.075471568435138   
0.646355906198   0.7   0   0.010004547521600727   0   6.075471568435138   
0.257956614018   0.2   0   0.0068212824010914054   0   6.4406199401052495   
0.313425229367   0.3   0   0.007730786721236926   0   6.4406199401052495   
0.448624565467   0.4   0   0.009549795361527967   1   6.4406199401052495   
0.145374144213   0.1   0   0.004547521600727604   1   6.887833535605208   
0.331860653938   0.3   0   0.005911778080945885   0   6.887833535605208   
0.129009291336   0.0   1   0.007276034561164165   0   0   
