0.622470265759   0.6   1   0.009095043201455207   0   0   
0.837386231195   0.6   0   0.01682582992269213   1   0   
0.750280685683   0.4   0   0.008640291041382447   0   0   
0   0.0   0   0.0   0   0   
0   0.0   0   0.0   0   0   
0   0.0   0   0.0   0   0   
0.427777892396   0.1   0   0.004092769440654843   0   0   
0.397714199809   0.3   0   0.005911778080945885   0   0   
0.772496144347   0.5   0   0.01182355616189177   0   0   
0.503963962975   0.5   0   0.009095043201455207   0   0   
0.0433119788482   0.0   0   0.002273760800363802   0   0   
0.371933424041   0.2   0   0.005911778080945885   0   0   
0.464090213442   0.3   0   0.009095043201455207   0   0   
0.146583296003   0.2   0   0.0050022737608003635   0   0   
0.267657297682   0.0   0   0.007730786721236926   0   0   
0.418229045262   0.4   0   0.005911778080945885   3   0   
0.269239745659   0.4   0   0.005911778080945885   0   0   
0.280253000265   0.3   0   0.0068212824010914054   3   0   
0.284380566701   0.3   0   0.006366530241018645   0   0   
0.303124824958   0.3   0   0.009095043201455207   0   0   
0.555068688072   0.4   0   0.005911778080945885   1   0   
0.356141328587   0.2   0   0.009095043201455207   0   0   
0.633927045586   0.5   0   0.011368804001819008   0   0   
0.50535615736   0.4   0   0.010914051841746248   0   0   
0.576016079811   0.4   0   0.008640291041382447   0   1.0   
0.966731896721   0.7   0   0.010004547521600727   0   1.0   
0.43331954621   0.2   0   0.008185538881309686   0   1.0   
0.342722565172   0.5   0   0.0031832651205093224   0   1.0   
0.12544779221   0.0   0   0.0050022737608003635   0   1.0   
0.409041962171   0.3   0   0.005457025920873124   0   1.0   
0.399707310436   0.4   0   0.007730786721236926   0   1.0   
0.533344312236   0.4   0   0.010459299681673489   0   1.0   
0.441462700188   0.3   0   0.008640291041382447   0   1.0   
0.0887006669414   0.0   0   0.0036380172805820826   0   1.0   
0.429194154877   0.2   0   0.008185538881309686   0   1.0   
0.0630033351232   0.0   1   0.0018190086402910413   0   0   
