0.548194218897   0.5   1   0.005457025920873124   4   0   
0.494925728149   0.5   0   0.005457025920873124   0   0   
0.594835122017   0.5   0   0.009095043201455207   0   0   
0.471303557246   0.4   0   0.004547521600727604   0   0   
0.412230120696   0.3   0   0.002728512960436562   0   0   
0.182981603819   0.0   0   0.007276034561164165   0   0   
0.414403370363   0.3   0   0.0031832651205093224   0   0   
0.691527538777   0.3   0   0.004092769440654843   0   0   
0.427280831473   0.3   0   0.0031832651205093224   0   0   
0.611949217919   0.3   0   0.004092769440654843   0   0   
0.691549623299   0.2   0   0.0068212824010914054   4   0   
0.303052690656   0.2   0   0.004547521600727604   2   0   
0.410012858703   0.3   0   0.007276034561164165   3   0   
0.160551437987   0.1   0   0.005457025920873124   0   0   
0.51992011511   0.4   0   0.0036380172805820826   1   0   
1.02671562236   0.6   0   0.009095043201455207   5   0   
1.06242110234   0.4   0   0.007730786721236926   3   0   
1.33044940115   0.5   0   0.01409731696225557   0   0   
0.568536512268   0.3   0   0.007730786721236926   0   0   
0.514488906299   0.4   0   0.0050022737608003635   0   0   
0.54631170753   0.4   0   0.005911778080945885   4   0   
0.46641113267   0.3   0   0.0036380172805820826   0   0   
0.100146344138   0.1   0   0.002728512960436562   3   0   
0.869521283435   0.4   0   0.007730786721236926   0   0   
0.761071869196   0.4   0   0.009095043201455207   2   1.0   
0.429943129449   0.3   0   0.0050022737608003635   0   1.0   
0.559728196483   0.5   0   0.0068212824010914054   0   1.0   
0.160969486467   0.3   0   0.0031832651205093224   1   1.0   
0.162626271284   0.1   0   0.005457025920873124   0   1.0   
0.0606903795098   0.0   0   0.002728512960436562   0   1.0   
0.0689896461317   0.0   0   0.0031832651205093224   0   1.0   
1.62326758579   0.5   0   0.021828103683492497   30   1.4964184270307834   
1.48650466233   0.6   0   0.02501136880400182   20   2.1021143756540073   
0.477307803918   0.3   0   0.008185538881309686   13   2.4613956556755903   
0.340091278458   0.2   0   0.008185538881309686   11   2.886502999111958   
0.0755336048308   0.0   0   0.0018190086402910413   2   2.886502999111958   
0.189073857717   0.1   1   0.005457025920873124   2   0   
