0.277044240503   0.3   1   0.0031832651205093224   0   0   
0.0233848652931   0.0   0   0.0009095043201455207   0   0   
0.233832484026   0.3   0   0.007276034561164165   0   0   
0.1238496674   0.0   0   0.0018190086402910413   0   0   
0.266163073046   0.2   0   0.006366530241018645   0   0   
0.317507639525   0.2   0   0.0031832651205093224   0   0   
0.596068682783   0.2   0   0.007730786721236926   0   0   
0.546795120637   0.3   0   0.010004547521600727   1   0   
0.619360505639   0.5   0   0.008640291041382447   0   0   
0.314293970909   0.2   0   0.002728512960436562   0   0   
0.362012534003   0.3   0   0.0031832651205093224   0   0   
0.789725519837   0.5   0   0.010004547521600727   0   0   
0.277788178259   0.1   0   0.005457025920873124   0   1.0   
0.524565860076   0.3   0   0.008640291041382447   0   1.0   
0.170318268586   0.2   0   0.0036380172805820826   0   1.0   
0.281524691939   0.3   0   0.007730786721236926   0   1.0   
0.424968575443   0.4   0   0.007730786721236926   0   1.7947194142390264   
0.0744832599399   0.1   0   0.002273760800363802   0   1.7947194142390264   
0.0607322802218   0.0   0   0.002728512960436562   0   1.7947194142390264   
0.328585078728   0.2   0   0.0031832651205093224   0   1.7947194142390264   
0.585494554342   0.3   0   0.010004547521600727   0   1.7947194142390264   
0.584969317183   0.4   0   0.010004547521600727   0   1.7947194142390264   
0.841552654399   0.5   0   0.010914051841746248   0   1.7947194142390264   
0.735576731101   0.6   0   0.01227830832196453   0   2.380259458008146   
0.466832136145   0.4   0   0.0050022737608003635   0   2.380259458008146   
0.41499833056   0.4   0   0.007730786721236926   0   2.380259458008146   
0.761424289412   0.3   0   0.010459299681673489   0   2.380259458008146   
0.591296823444   0.4   0   0.0068212824010914054   0   2.380259458008146   
0.178860196126   0.1   0   0.005911778080945885   0   2.380259458008146   
0.613157670133   0.5   0   0.009549795361527967   1   2.380259458008146   
0.350003052742   0.3   0   0.007730786721236926   0   2.380259458008146   
0.342737351508   0.2   0   0.004547521600727604   0   2.380259458008146   
0.171685070384   0.1   0   0.002728512960436562   0   2.380259458008146   
0.108244510895   0.1   0   0.0050022737608003635   0   2.380259458008146   
0.160700076934   0.1   0   0.007276034561164165   0   3.246284861792585   
0.306665805178   0.2   0   0.002728512960436562   0   3.246284861792585   
0.174745197869   0.2   0   0.005457025920873124   0   3.246284861792585   
0.413547749087   0.3   0   0.0036380172805820826   0   3.246284861792585   
0   0.0   0   0.0   0   3.246284861792585   
0.0256505330075   0.0   1   0.001364256480218281   0   0   
