0.0874851275392   0.0   1   0.0068212824010914054   1   0   
0.0824950559712   0.0   0   0.005457025920873124   0   0   
0.145243573156   0.0   0   0.008185538881309686   0   0   
0.0799869358545   0.1   0   0.004547521600727604   2   0   
0.0516929045844   0.1   0   0.001364256480218281   0   0   
0.145499395198   0.0   0   0.008640291041382447   2   0   
0.0153610186223   0.0   0   0.0009095043201455207   0   0   
0.0797626852888   0.1   0   0.001364256480218281   0   0   
0.430726653686   0.5   0   0.01227830832196453   1   0   
0.11169143739   0.2   0   0.002728512960436562   0   0   
0.140548975429   0.3   0   0.0031832651205093224   1   0   
0.166371844128   0.2   0   0.004092769440654843   1   0   
0.631420664744   0.6   0   0.020463847203274217   8   0   
0.175360980373   0.1   0   0.008185538881309686   3   0   
0.059158070183   0.0   0   0.0036380172805820826   2   0   
0.0728415711015   0.0   0   0.005457025920873124   1   0   
0.272801469929   0.4   0   0.008640291041382447   2   0   
0.054517336844   0.1   0   0.004547521600727604   0   0   
0.398545098851   0.5   0   0.01409731696225557   9   0   
0.0765228170786   0.1   0   0.004547521600727604   5   0   
0.091544971552   0.1   0   0.004092769440654843   2   0   
0.139914396134   0.2   0   0.0031832651205093224   0   0   
0.131695337424   0.2   0   0.0036380172805820826   2   0   
0.0477502512796   0.0   0   0.0031832651205093224   0   0   
0.262026259356   0.2   0   0.01318781264211005   0   0   
0.220333988592   0.3   0   0.008185538881309686   0   0   
0.253722272292   0.3   0   0.008185538881309686   1   0   
0.0415923209659   0.1   0   0.004547521600727604   1   0   
0.159195625812   0.2   0   0.0036380172805820826   0   0   
0.230921124427   0.3   0   0.0068212824010914054   1   0   
0.158377259406   0.1   0   0.006366530241018645   0   0   
0.218495293115   0.2   0   0.011368804001819008   2   0   
0.0959514411105   0.0   0   0.005457025920873124   0   0   
0.220246843435   0.4   0   0.007730786721236926   0   0   
0.0287594557888   0.0   0   0.002273760800363802   0   0   
0.259805020174   0.2   0   0.010004547521600727   1   0   
0.258964341361   0.2   0   0.007730786721236926   0   0   
0.0112907782789   0.0   0   0.0009095043201455207   0   0   
0.139084905954   0.2   0   0.0036380172805820826   0   0   
0.143405492232   0.2   0   0.002728512960436562   0   0   
0.225852466615   0.2   0   0.010459299681673489   3   0   
0.117739522649   0.1   0   0.0050022737608003635   0   0   
0.0840647924379   0.1   0   0.0036380172805820826   0   0   
0.153383384576   0.1   0   0.009095043201455207   0   0   
0.252235412371   0.4   0   0.008640291041382447   0   0   
0.0403253859496   0.0   0   0.002728512960436562   0   0   
0.0467295405314   0.0   0   0.002728512960436562   0   0   
0.185603810064   0.2   0   0.0050022737608003635   0   0   
0.184029273193   0.1   0   0.007730786721236926   0   0   
0.244453348634   0.4   0   0.009095043201455207   0   0   
0.0444850677641   0.0   0   0.0036380172805820826   0   0   
0.104757844449   0.0   0   0.005457025920873124   0   0   
0.142294661214   0.0   0   0.010459299681673489   2   0   
0.0852195835478   0.1   0   0.004547521600727604   0   0   
0.00334853657956   0.0   0   0.00045475216007276033   0   0   
0.082402746554   0.0   0   0.005911778080945885   0   0   
0.0226797679259   0.0   0   0.001364256480218281   0   0   
0.0891864089523   0.0   0   0.004547521600727604   0   0   
0.264036648045   0.3   0   0.007276034561164165   0   0   
0.121439846908   0.1   0   0.0050022737608003635   0   0   
0.180084012585   0.0   0   0.009095043201455207   0   0   
0.120216366045   0.2   0   0.0031832651205093224   0   0   
0.163130418201   0.2   0   0.007730786721236926   3   0   
0.27073335564   0.3   0   0.011368804001819008   1   0   
0.115986286201   0.0   0   0.0050022737608003635   0   0   
0.0599704831563   0.1   0   0.0031832651205093224   1   0   
0.0682474047516   0.0   0   0.004547521600727604   0   0   
0.311508817048   0.3   0   0.009095043201455207   0   0   
0.0380391351317   0.0   0   0.002273760800363802   0   0   
0.22397169539   0.2   0   0.005457025920873124   0   0   
0.0284160120345   0.0   0   0.0018190086402910413   0   0   
0.180829087917   0.0   0   0.007730786721236926   0   0   
0.0772011619063   0.1   0   0.005911778080945885   0   0   
0.057442720203   0.0   0   0.0031832651205093224   0   0   
0.273219523416   0.5   0   0.007730786721236926   0   0   
0.0248379947263   0.1   0   0.002273760800363802   0   0   
0.0145960584989   0.0   0   0.001364256480218281   0   0   
0.248760083129   0.2   0   0.005911778080945885   0   0   
0.171027897609   0.2   0   0.005457025920873124   0   0   
0.0412292705379   0.0   0   0.002728512960436562   0   0   
0.0760863732102   0.1   0   0.004547521600727604   0   0   
0.137555801393   0.2   0   0.002728512960436562   0   0   
0.0470144472911   0.0   0   0.0031832651205093224   0   0   
0.0931667510624   0.2   0   0.004092769440654843   0   0   
0.176768823208   0.2   0   0.006366530241018645   0   0   
0.0352734462372   0.0   0   0.0018190086402910413   0   0   
0.231302754789   0.2   0   0.0068212824010914054   0   0   
0.089637521266   0.1   0   0.0050022737608003635   0   0   
0.384689096896   0.4   0   0.010004547521600727   1   0   
0.161999110759   0.2   0   0.004547521600727604   0   0   
0.199442166888   0.2   0   0.007730786721236926   0   0   
0.0764294276497   0.1   0   0.002273760800363802   1   0   
0.0128152945445   0.0   1   0.0009095043201455207   0   0   
