0.670802736189   0.5   1   0.009549795361527967   0   1.0   
0.663319586182   0.4   0   0.01227830832196453   0   1.6965754742340187   
0.10997045917   0.2   0   0.0036380172805820826   0   1.893425671084314   
0.561075971597   0.4   0   0.010914051841746248   0   2.4616832417920578   
0.617418415534   0.6   0   0.01318781264211005   0   2.9786371849149873   
0.0556057974823   0.1   0   0.002728512960436562   0   2.9786371849149873   
0.176321593455   0.2   0   0.005911778080945885   2   2.9786371849149873   
0.0992753861439   0.1   0   0.002273760800363802   0   2.9786371849149873   
0.133730011032   0.3   0   0.004547521600727604   0   3.1547053535315777   
0.0795388091765   0.1   0   0.0018190086402910413   0   3.1547053535315777   
0.802213368038   0.4   0   0.010459299681673489   0   4.08522245115285   
0.534164427179   0.5   0   0.007730786721236926   0   4.723888824811355   
0.17801894652   0.2   0   0.004547521600727604   0   4.723888824811355   
0.426330345998   0.4   0   0.005457025920873124   0   5.366798875544219   
0.200531702182   0.3   0   0.005911778080945885   0   5.366798875544219   
0.563833071117   0.3   0   0.01227830832196453   0   5.9025572511549385   
0.579059108966   0.2   0   0.008640291041382447   2   6.753047305966477   
0.580600845638   0.4   0   0.007276034561164165   0   7.540448093367658   
0.646980213087   0.2   0   0.008185538881309686   0   8.536440061206758   
0.537533678267   0.3   0   0.010914051841746248   2   9.19159711812576   
0.257818817368   0.2   0   0.005911778080945885   0   9.335356175811413   
0.466690795982   0.3   0   0.008640291041382447   0   9.846289274738217   
0.500632384854   0.6   0   0.008640291041382447   5   10.453782171032172   
0.30387677882   0.4   0   0.005457025920873124   2   10.93596470908182   
0.584670837143   0.6   0   0.006366530241018645   0   10.820786222643958   
0.188031761994   0.3   0   0.005911778080945885   0   10.959461271700267   
0.479058054218   0.2   0   0.009549795361527967   0   11.793518927928565   
0.766943109581   0.3   1   0.010004547521600727   0   0   
