0.373443358557   0.3   1   0.008640291041382447   0   1.0   
0.399828941463   0.2   0   0.007276034561164165   0   1.3996526269427265   
0.16926896055   0.3   0   0.004092769440654843   0   2.19895788082818   
0.421955033562   0.6   0   0.007730786721236926   0   3.168257877557845   
0.221037819316   0.1   0   0.006366530241018645   0   3.168257877557845   
0.0533252774036   0.0   0   0.002273760800363802   0   3.168257877557845   
0.205661958977   0.2   0   0.005911778080945885   0   3.168257877557845   
0.348635952914   0.5   0   0.004092769440654843   0   3.3782587657144676   
0.666309328438   0.4   0   0.011368804001819008   0   3.587151952861305   
0.170283888132   0.0   0   0.0068212824010914054   0   3.587151952861305   
0.521770569067   0.6   0   0.01227830832196453   0   3.9214035615799983   
0.550016406151   0.4   0   0.01182355616189177   1   4.488350271093839   
0.0455728126585   0.0   0   0.001364256480218281   0   4.488350271093839   
0.530248442945   0.3   0   0.01273306048203729   1   4.488350271093839   
0.339390202787   0.2   0   0.005457025920873124   0   4.834760432607615   
0.498862087725   0.5   0   0.0068212824010914054   0   5.144599100304208   
0.297610749907   0.1   0   0.009095043201455207   0   5.389548074582526   
0.427447654837   0.4   0   0.005457025920873124   0   5.735958236096302   
0.236344655672   0.1   0   0.007276034561164165   0   5.885958236096301   
0.317698921825   0.4   0   0.008185538881309686   0   6.45164366104554   
0.480759091059   0.5   0   0.010004547521600727   0   7.219166239925738   
0.490525104767   0.4   0   0.009095043201455207   0   7.487494397225713   
0.219582154381   0.1   0   0.0050022737608003635   0   7.487494397225713   
0.585069027316   0.4   0   0.008640291041382447   0   7.7377116940942035   
0.411225765516   0.3   0   0.009095043201455207   0   7.993552553720936   
0.386254362193   0.4   0   0.005911778080945885   0   8.659192789191211   
0.503046312393   0.6   1   0.009095043201455207   0   0   
