0.0925579883281   0.0   1   0.004092769440654843   0   0   
0.349236707692   0.3   0   0.008185538881309686   0   1.0   
0.115633615119   0.1   0   0.001364256480218281   0   1.0   
0.267349145497   0.2   0   0.0036380172805820826   0   1.0   
0.0921305934921   0.0   0   0.002728512960436562   0   1.0   
0.147909975695   0.0   0   0.005457025920873124   0   1.0   
0.206642719063   0.0   0   0.007276034561164165   0   1.0   
0.157778273399   0.1   0   0.0036380172805820826   0   1.0   
0.325110475168   0.5   0   0.0068212824010914054   0   1.0   
0.103041470903   0.0   0   0.004547521600727604   0   1.0   
0.353236186078   0.3   0   0.005457025920873124   0   1.0   
0.475520654921   0.3   0   0.009095043201455207   0   1.0   
0.277027889841   0.4   0   0.004547521600727604   0   1.0   
0.505871260521   0.2   0   0.008185538881309686   0   1.0   
0.238233276954   0.2   0   0.0050022737608003635   0   1.0   
0.357869454168   0.3   0   0.009549795361527967   1   1.0   
0.282279198499   0.2   0   0.005911778080945885   0   1.0   
0.391037598409   0.3   0   0.0068212824010914054   0   1.0   
0.0787317524566   0.0   0   0.0031832651205093224   0   1.0   
0.315990808024   0.2   0   0.009095043201455207   3   1.0   
0.245946875203   0.3   0   0.004547521600727604   0   1.0   
0.374907613635   0.3   0   0.007730786721236926   0   1.5144957554275265   
0.0341372951074   0.0   0   0.001364256480218281   0   1.5144957554275265   
0.521533604828   0.4   0   0.009095043201455207   0   1.5144957554275265   
0.0280276169408   0.0   0   0.0009095043201455207   0   1.5144957554275265   
0.0457103018977   0.1   0   0.001364256480218281   0   1.5144957554275265   
0.0882062419608   0.1   0   0.0031832651205093224   0   2.3162794811647998   
0.127075998264   0.1   0   0.0050022737608003635   0   2.3162794811647998   
0.114491754796   0.0   0   0.004547521600727604   0   2.3162794811647998   
0.443503875703   0.4   0   0.007276034561164165   0   2.3162794811647998   
0.105792770015   0.2   0   0.0036380172805820826   0   2.3162794811647998   
0.0846443612379   0.0   0   0.0031832651205093224   2   2.3162794811647998   
0.369527198699   0.4   0   0.005457025920873124   0   2.3162794811647998   
0.529659111744   0.3   0   0.009549795361527967   0   2.3162794811647998   
0.212435332584   0.2   0   0.004092769440654843   0   2.3162794811647998   
0.259839835879   0.2   0   0.009095043201455207   0   2.7685464980314447   
0.226636714841   0.1   0   0.007730786721236926   0   2.7685464980314447   
0.130285648545   0.1   0   0.002273760800363802   0   2.7685464980314447   
0.0625628083606   0.0   0   0.001364256480218281   0   2.7685464980314447   
0.305584370325   0.3   0   0.006366530241018645   0   3.335493207545286   
0.186020318915   0.2   0   0.0036380172805820826   0   4.085493207545285   
0.189153552138   0.1   0   0.0031832651205093224   0   4.085493207545285   
0.0826211728748   0.1   1   0.0031832651205093224   0   0   
