0.465688937234   0.7   1   0.006366530241018645   0   0   
0.294755577355   0.1   0   0.007730786721236926   2   0   
0.38103425801   0.2   0   0.007276034561164165   0   0   
0.498512135669   0.4   0   0.008185538881309686   0   0   
0.221131424035   0.1   0   0.004547521600727604   0   0   
0.404285794836   0.2   0   0.007276034561164165   0   0   
0.363195368174   0.3   0   0.007730786721236926   0   0   
0.344658346482   0.3   0   0.005911778080945885   0   0   
0.307680885688   0.3   0   0.005911778080945885   0   0   
0.230567639751   0.1   0   0.006366530241018645   0   0   
0.31298939183   0.3   0   0.0050022737608003635   0   0   
0.575573009059   0.5   0   0.010004547521600727   0   0   
0.37020552509   0.3   0   0.004547521600727604   0   0   
0.475826377049   0.6   0   0.008640291041382447   0   0   
0.621659488607   0.6   0   0.009095043201455207   0   0   
0.658583867138   0.6   0   0.010914051841746248   1   0   
0.384728257306   0.3   0   0.0068212824010914054   1   0   
0.805164989059   0.7   0   0.015006821282401092   0   0   
0.30226782995   0.2   0   0.006366530241018645   1   0   
0.363574480263   0.3   0   0.006366530241018645   0   0   
0.255519145115   0.2   0   0.004547521600727604   0   0   
0.431471261966   0.3   0   0.008640291041382447   0   0   
0.285338549159   0.1   0   0.005457025920873124   0   0   
0.614954169269   0.1   0   0.015006821282401092   2   0   
0.285362370896   0.1   0   0.0068212824010914054   0   0   
0.0470134441784   0.0   1   0.0018190086402910413   2   0   
