0.258881545096   0.2   1   0.0068212824010914054   0   1.0   
0.397710448025   0.4   0   0.006366530241018645   0   1.4830458915396478   
0.331307529974   0.3   0   0.009095043201455207   0   2.190152672726195   
0.103039171606   0.2   0   0.0036380172805820826   0   2.190152672726195   
0.488391606675   0.4   0   0.010914051841746248   0   2.9239520584315377   
0.314686622506   0.3   0   0.0050022737608003635   1   3.5918064858327554   
0.0191516952023   0.0   0   0.0009095043201455207   0   3.5918064858327554   
0.658090265952   0.3   0   0.009095043201455207   0   4.500101592062003   
0.454604692112   0.3   0   0.010459299681673489   1   4.500101592062003   
0.66532360745   0.3   0   0.013642564802182811   0   5.329257789650853   
0.535546199645   0.7   0   0.010004547521600727   0   5.329257789650853   
0.252676329604   0.2   0   0.007276034561164165   1   5.329257789650853   
0.364577329295   0.4   0   0.010914051841746248   0   5.979701425238844   
0.0197420913221   0.0   0   0.0009095043201455207   0   5.979701425238844   
0.39967197927   0.2   0   0.01182355616189177   0   6.293093010502848   
0.564102362477   0.3   0   0.01637107776261937   0   6.569478409699132   
0.556479521097   0.3   0   0.01182355616189177   2   7.138274868693652   
0.229199396825   0.1   0   0.005457025920873124   0   7.138274868693652   
0.208220323677   0.1   0   0.0050022737608003635   0   7.638274868693652   
0.632426164101   0.3   0   0.015006821282401092   0   7.918580823984346   
0.41693685614   0.3   0   0.007276034561164165   0   8.660200672693913   
0.57498486573   0.3   0   0.009095043201455207   0   9.337203873080242   
0.492864478301   0.4   0   0.009549795361527967   1   9.668866352115781   
0.161529671886   0.1   0   0.004547521600727604   0   9.668866352115781   
0.627784656508   0.3   0   0.01182355616189177   0   10.29564952264379   
0.0525229244771   0.0   0   0.0018190086402910413   0   10.29564952264379   
0.249760208705   0.1   0   0.005911778080945885   0   10.75558262814769   
0.136740833229   0.1   0   0.004092769440654843   0   10.75558262814769   
0.090149664653   0.1   0   0.0036380172805820826   0   10.75558262814769   
0.0895458513864   0.0   0   0.002273760800363802   0   10.75558262814769   
0.317059476306   0.3   0   0.0068212824010914054   0   11.183757047436528   
0.382114583016   0.5   0   0.0050022737608003635   0   12.18375704743653   
0.0122661510089   0.0   0   0.00045475216007276033   0   12.18375704743653   
0.267936962463   0.2   1   0.005457025920873124   1   0   
