0.883896839497   0.5   1   0.007276034561164165   0   1.0   
0.930139567035   0.6   0   0.009095043201455207   2   1.5270462766947297   
0.732884001795   0.6   0   0.0068212824010914054   0   1.5270462766947297   
0.364016555418   0.2   0   0.0036380172805820826   0   1.6438592435780062   
0.298666701385   0.1   0   0.004092769440654843   0   1.6438592435780062   
0.31559906813   0.2   0   0.002273760800363802   0   2.0654962649337905   
0.837331857445   0.4   0   0.007276034561164165   1   2.5491221987003425   
0.323904381133   0.2   0   0.002273760800363802   0   2.8653499647171805   
0.628987130646   0.6   0   0.005911778080945885   0   3.257582234993549   
0.182370860539   0.1   0   0.002273760800363802   0   3.257582234993549   
0.370082265773   0.3   0   0.0036380172805820826   0   3.257582234993549   
0.318131023451   0.1   0   0.0031832651205093224   0   4.059365960730822   
0.673603567604   0.5   0   0.007276034561164165   1   4.412919351324096   
0.566566607309   0.6   0   0.004547521600727604   1   4.860132946824054   
0.264048722705   0.0   0   0.002728512960436562   0   4.860132946824054   
0.621764146543   0.3   1   0.005911778080945885   0   0   
