0.0803910086888   0.0   1   0.002273760800363802   0   0   
0.155669277634   0.1   0   0.001364256480218281   0   1.0   
0.163762179353   0.1   0   0.0068212824010914054   2   1.0   
0.200451980099   0.2   0   0.007276034561164165   4   1.2041241452319313   
0.188859118855   0.0   0   0.0068212824010914054   0   1.2041241452319313   
0.117283593486   0.0   0   0.0036380172805820826   0   1.2041241452319313   
0.164199239477   0.3   0   0.0050022737608003635   0   1.2041241452319313   
0.10867253662   0.1   0   0.002273760800363802   1   1.5914224798526728   
0.185187332888   0.3   0   0.004092769440654843   0   1.880097614447486   
0.138558184876   0.1   0   0.004092769440654843   0   1.880097614447486   
0.0286041239813   0.0   0   0.0009095043201455207   0   1.880097614447486   
0.0377201855062   0.0   0   0.001364256480218281   0   1.880097614447486   
0.154721475489   0.1   0   0.0018190086402910413   0   2.313110316339705   
0.467351551738   0.3   0   0.01227830832196453   1   2.479776983006372   
0.271253564408   0.2   0   0.0036380172805820826   0   2.7859632008542694   
0.157353555128   0.3   0   0.0036380172805820826   0   2.7859632008542694   
0.0129384980306   0.0   0   0.0009095043201455207   0   2.7859632008542694   
0.0286760291062   0.0   0   0.00045475216007276033   0   2.7859632008542694   
0.373515363792   0.1   0   0.005911778080945885   0   3.456783594104206   
0.0838541383305   0.1   0   0.0031832651205093224   0   3.456783594104206   
0.0976238354926   0.2   0   0.002273760800363802   0   3.456783594104206   
0.0921199290985   0.1   0   0.0018190086402910413   0   3.456783594104206   
0.218708791822   0.2   0   0.0031832651205093224   0   3.784110429458194   
0.255020812739   0.2   0   0.009549795361527967   0   3.9730926659628074   
0.0434784588366   0.0   0   0.002273760800363802   0   3.9730926659628074   
0.0527786225484   0.0   0   0.0031832651205093224   0   3.9730926659628074   
0.292845146281   0.2   0   0.008640291041382447   0   4.153671445591462   
0.22226450779   0.2   0   0.0036380172805820826   0   4.459857663439359   
0.334259269808   0.3   0   0.008640291041382447   0   4.658537516999115   
0.136132450471   0.3   0   0.004092769440654843   1   4.947212651593928   
0.124683427036   0.1   0   0.005911778080945885   1   4.947212651593928   
0.270696068215   0.3   0   0.004547521600727604   0   5.4949352090990935   
0.00800643162926   0.0   0   0.00045475216007276033   0   5.4949352090990935   
0.0236869337802   0.0   0   0.001364256480218281   0   5.4949352090990935   
0.0114154883927   0.0   0   0.0009095043201455207   0   5.4949352090990935   
0.545586234601   0.4   0   0.01273306048203729   3   5.96927685812435   
0.0723495021937   0.0   0   0.0018190086402910413   1   5.96927685812435   
0.372328394797   0.2   0   0.008640291041382447   1   6.1679567116841065   
0.147436794456   0.2   0   0.005911778080945885   0   6.1679567116841065   
0.259924150114   0.1   0   0.0068212824010914054   1   6.1679567116841065   
0.213731084037   0.2   0   0.0031832651205093224   0   6.4952835470380945   
0.306266282471   0.1   0   0.007276034561164165   0   6.711789897984204   
0.0444991166698   0.0   0   0.002273760800363802   0   6.711789897984204   
0.338622332181   0.4   0   0.007730786721236926   1   7.131873923192607   
0.265240286002   0.1   0   0.005911778080945885   1   7.612258384607869   
0.237873594727   0.2   0   0.0036380172805820826   0   7.886119663360452   
0.0841483964898   0.1   0   0.004547521600727604   2   7.886119663360452   
0.0797432023992   0.2   0   0.0018190086402910413   0   7.886119663360452   
0.27729971302   0.3   0   0.0050022737608003635   1   8.147236147293999   
0.193927038746   0.3   0   0.0050022737608003635   0   8.408352631227547   
0.120150809889   0.2   0   0.002728512960436562   0   8.408352631227547   
0.187495693984   0.1   0   0.002728512960436562   0   8.76190602182082   
0.0869025393191   0.1   0   0.002273760800363802   0   8.76190602182082   
0.0714043708698   0.2   0   0.0036380172805820826   0   8.76190602182082   
0.0461294133547   0.0   0   0.002728512960436562   0   8.76190602182082   
0.108431958088   0.0   0   0.0050022737608003635   0   8.76190602182082   
0.184823230736   0.1   0   0.0036380172805820826   0   9.068092239668717   
0.365947197233   0.3   0   0.007276034561164165   1   9.284598590614827   
0.0331918260883   0.0   0   0.001364256480218281   0   9.284598590614827   
0.0606969510377   0.1   0   0.0018190086402910413   0   9.284598590614827   
0.355273716243   0.5   0   0.007276034561164165   0   9.501104941560936   
0.24734427688   0.2   0   0.01227830832196453   0   9.501104941560936   
0.092824968052   0.1   0   0.002273760800363802   0   9.501104941560936   
0.12634129927   0.1   0   0.004092769440654843   0   9.789780076155749   
0.0442006303214   0.1   0   0.002728512960436562   0   9.789780076155749   
0.28952131656   0.2   0   0.007276034561164165   0   10.006286427101857   
0.0286760291062   0.0   0   0.00045475216007276033   0   10.006286427101857   
0.217358668721   0.1   0   0.005457025920873124   2   10.237741452044995   
0.0615152261762   0.1   0   0.002728512960436562   0   10.237741452044995   
0.254269669352   0.2   0   0.0068212824010914054   0   10.461348249794975   
0.0325734030123   0.0   0   0.0018190086402910413   0   10.461348249794975   
0.14001352813   0.1   0   0.005457025920873124   0   10.461348249794975   
0.0638558415486   0.0   0   0.002273760800363802   1   10.461348249794975   
0.216240073118   0.2   0   0.0031832651205093224   0   10.788675085148963   
0.234732684243   0.4   0   0.0036380172805820826   0   11.094861302996861   
0.18859696158   0.2   0   0.008185538881309686   1   11.298985448228793   
0.313039199004   0.2   1   0.006366530241018645   0   0   
