0.48245425874   0.3   1   0.010914051841746248   0   1.0   
0.804824285908   0.5   0   0.010004547521600727   0   1.4629100498862755   
0.398312541101   0.3   0   0.008640291041382447   1   2.024861536835292   
0.43058604166   0.4   0   0.006366530241018645   0   2.679515207543269   
0.309103349787   0.3   0   0.0050022737608003635   0   3.4180641534192655   
0.0685330765615   0.1   0   0.002728512960436562   0   3.4180641534192655   
0.145197692444   0.3   0   0.005911778080945885   0   3.4180641534192655   
0.0732416204748   0.1   0   0.0036380172805820826   0   3.4180641534192655   
0.715381563008   0.5   0   0.01182355616189177   0   4.312491344419181   
0.086500846101   0.1   0   0.0031832651205093224   0   4.312491344419181   
0.331862884985   0.2   0   0.0050022737608003635   0   4.312491344419181   
0.700189800476   0.5   0   0.01227830832196453   1   5.222208996713865   
0.582148699147   0.2   0   0.011368804001819008   0   5.222208996713865   
0.593278836321   0.3   0   0.005911778080945885   0   5.81629752249987   
0.350828646566   0.2   0   0.005911778080945885   1   5.81629752249987   
0.231908018514   0.2   0   0.007730786721236926   1   5.81629752249987   
0.0246707099124   0.0   0   0.0018190086402910413   1   5.81629752249987   
0.355651087203   0.3   0   0.005457025920873124   0   5.81629752249987   
0.717331850351   0.6   0   0.011368804001819008   0   6.759106564081932   
0.588721993415   0.3   0   0.0050022737608003635   0   4.316378491333249   
0.432122508609   0.4   0   0.009549795361527967   2   4.56698162851862   
0.582139930269   0.5   0   0.010004547521600727   0   4.82321700011389   
0.0419606166056   0.0   0   0.002728512960436562   0   4.82321700011389   
0.505814073831   0.4   0   0.0068212824010914054   0   5.133533445530977   
0.106101486997   0.0   0   0.005911778080945885   0   5.133533445530977   
0.155437910525   0.2   0   0.006366530241018645   0   5.133533445530977   
0.596151597213   0.4   0   0.010004547521600727   0   5.133533445530977   
0.327768958741   0.2   0   0.002728512960436562   0   5.133533445530977   
0.246431207239   0.2   0   0.01318781264211005   3   5.133533445530977   
0.674768634531   0.5   0   0.007276034561164165   0   5.416812307397244   
0.643060348431   0.4   0   0.006366530241018645   0   6.318200126263241   
0.0324385630966   0.0   0   0.002728512960436562   0   6.318200126263241   
0.0241368231968   0.0   0   0.0018190086402910413   0   6.318200126263241   
0.621627393178   0.4   0   0.008640291041382447   0   6.558570211294174   
0.611981561862   0.4   0   0.006366530241018645   0   7.159495423871505   
0.085163993233   0.1   0   0.0031832651205093224   0   7.159495423871505   
0.182972625518   0.2   0   0.009095043201455207   0   7.159495423871505   
0.140006234227   0.1   0   0.006366530241018645   0   7.159495423871505   
0.634716481631   0.3   0   0.010004547521600727   0   7.404822114602835   
0.355261577724   0.3   0   0.007276034561164165   1   7.705284720891501   
0.0380447511318   0.1   0   0.002273760800363802   0   7.705284720891501   
0.658718637415   0.4   0   0.0068212824010914054   0   7.981008118181004   
0.367912503402   0.3   0   0.0068212824010914054   1   7.981008118181004   
0.320847770327   0.4   0   0.0050022737608003635   0   8.343379655850743   
0.348037667178   0.3   0   0.005457025920873124   0   8.343379655850743   
0.382810198957   0.4   0   0.005911778080945885   0   8.343379655850743   
0.095004628601   0.1   0   0.005457025920873124   0   8.343379655850743   
0.424916399956   0.2   0   0.008185538881309686   0   8.343379655850743   
0.742206643754   0.4   0   0.01227830832196453   0   8.559238364451655   
0.550808721226   0.3   0   0.008640291041382447   0   9.03997853451352   
0.187435657157   0.1   0   0.002728512960436562   0   9.03997853451352   
0.378861413373   0.4   0   0.004547521600727604   0   9.03997853451352   
0.550929703305   0.4   0   0.007276034561164165   0   9.323257396379786   
0.609408203539   0.3   0   0.007276034561164165   0   9.606536258246052   
0.33962602982   0.2   0   0.0050022737608003635   0   9.606536258246052   
0.0495817985282   0.0   0   0.004547521600727604   0   9.606536258246052   
0.735051997953   0.4   0   0.01455206912232833   0   9.806844662438495   
0.371322062242   0.2   0   0.008640291041382447   0   9.806844662438495   
0.37019191468   0.3   0   0.007730786721236926   1   9.806844662438495   
0.0422829666469   0.0   0   0.004092769440654843   0   9.806844662438495   
0.573082426938   0.2   0   0.01182355616189177   2   9.806844662438495   
0.60396238078   0.4   0   0.006366530241018645   0   10.107307268727162   
0.41699129816   0.4   0   0.0068212824010914054   0   10.107307268727162   
0.00276585242163   0.0   0   0.00045475216007276033   1   10.107307268727162   
0.31289342858   0.2   0   0.005457025920873124   2   10.454251601971515   
0.437993157347   0.4   0   0.01227830832196453   0   10.677429623108846   
0.156889251647   0.1   0   0.00045475216007276033   0   10.677429623108846   
0.0198644130954   0.0   0   0.002273760800363802   1   10.677429623108846   
0.634571617291   0.3   0   0.01318781264211005   0   10.893288331709757   
0.100503648323   0.1   0   0.004547521600727604   0   10.893288331709757   
0.0290706326697   0.1   0   0.0018190086402910413   0   10.893288331709757   
0   0.0   0   0.0   0   10.893288331709757   
0   0.0   0   0.0   0   10.893288331709757   
0.334074990261   0.2   0   0.0068212824010914054   0   11.513921222543933   
0.0303230906572   0.0   0   0.0018190086402910413   0   11.513921222543933   
0.345906860394   0.3   0   0.0050022737608003635   0   11.876292760213671   
0.0927231682793   0.0   0   0.005457025920873124   0   11.876292760213671   
0.596482186224   0.4   0   0.013642564802182811   0   12.30121105301307   
0.369837030203   0.2   0   0.0068212824010914054   0   12.611527498430156   
0.0922406601077   0.1   0   0.005457025920873124   0   12.958471831674512   
0.356328814137   0.3   0   0.004092769440654843   0   12.958471831674512   
0.17563304655   0.1   1   0.004092769440654843   0   0   
