0.726784108366   0.2   1   0.0068212824010914054   0   1.0   
0.588595144574   0.4   0   0.0068212824010914054   2   2.0   
0.517025987067   0.2   0   0.0050022737608003635   0   2.7126976771553504   
0.993429627864   0.2   0   0.01227830832196453   0   3.3285794392067904   
1.05230849817   0.5   0   0.008640291041382447   0   3.1873052151152366   
1.56279717352   0.8   0   0.01318781264211005   3   2.141613681946885   
1.00210935338   0.7   0   0.008185538881309686   1   2.325608699995382   
0.625153201923   0.3   0   0.0050022737608003635   1   2.5609759179181997   
0.299668473769   0.2   0   0.0036380172805820826   3   2.5609759179181997   
0.598700352398   0.2   0   0.005911778080945885   2   2.993988619810419   
0.825860051256   0.5   0   0.008185538881309686   0   3.3619786559074125   
0.660543044418   0.4   0   0.004547521600727604   0   3.608833876634056   
0.424613182834   0.2   0   0.004547521600727604   0   3.608833876634056   
0.110963915564   0.0   0   0.002273760800363802   0   3.608833876634056   
0.732804799502   0.3   0   0.006366530241018645   0   4.194302438983906   
0.221620799325   0.1   0   0.0036380172805820826   0   4.4702949660566516   
0.273655647515   0.1   0   0.001364256480218281   0   4.92098887548965   
0.37410167301   0.3   0   0.005911778080945885   2   5.787014279274088   
0.610956024693   0.3   1   0.007276034561164165   0   0   
