0.772658903411   0.4   1   0.010004547521600727   2   1.0   
0.605532881542   0.4   0   0.004547521600727604   0   1.337099931231621   
0.817032148272   0.5   0   0.0068212824010914054   0   1.8716825087681481   
0.612203367481   0.2   0   0.007730786721236926   0   2.371682508768148   
0.571124107607   0.2   0   0.008185538881309686   0   2.371682508768148   
0.567480099141   0.3   0   0.004092769440654843   0   2.7152746442362865   
0.763434312926   0.6   0   0.006366530241018645   0   2.9582309731881744   
0.506218310251   0.4   0   0.007276034561164165   0   2.9582309731881744   
0.529558530433   0.5   0   0.006366530241018645   0   3.233717555697844   
0.510007705232   0.5   0   0.0036380172805820826   0   3.5981520491256753   
0.652336109798   0.4   0   0.006366530241018645   0   4.424611796654685   
0.308229335633   0.0   0   0.005457025920873124   0   4.424611796654685   
0.555758439528   0.4   0   0.0050022737608003635   0   4.735402576908715   
0.451205481534   0.3   0   0.0036380172805820826   0   5.3312791574401865   
0.272257517094   0.1   0   0.0036380172805820826   1   5.66461249077352   
0.606933187669   0.3   1   0.008640291041382447   1   0   
