0.496338210134   0.3   1   0.008640291041382447   0   0   
0.117233331412   0.0   0   0.002728512960436562   0   0   
0.196829497537   0.1   0   0.005457025920873124   0   0   
0.530022515735   0.3   0   0.005911778080945885   0   0   
0.640751226943   0.2   0   0.008185538881309686   0   0   
0.0741096122829   0.2   0   0.001364256480218281   0   0   
0.201218962888   0.2   0   0.0031832651205093224   0   0   
0.413434659457   0.4   0   0.008640291041382447   2   0   
0.0173062986824   0.0   0   0.00045475216007276033   0   0   
0.442681348423   0.2   0   0.005457025920873124   0   1.0   
0.265108677743   0.2   0   0.005457025920873124   0   1.0   
0.0315001983993   0.0   0   0.00045475216007276033   0   1.0   
0.327775806263   0.3   0   0.005911778080945885   0   1.0   
0.14607782038   0.0   0   0.002273760800363802   0   1.0   
0.34872847682   0.0   0   0.0068212824010914054   0   1.0   
0.399696365298   0.2   0   0.004547521600727604   0   1.0   
0.561949971461   0.4   0   0.0068212824010914054   0   1.0   
0.252239528356   0.1   0   0.005457025920873124   0   1.0   
0.416225387584   0.2   0   0.004092769440654843   0   1.0   
0.675712716225   0.2   0   0.005911778080945885   0   1.0   
0.463861714502   0.3   0   0.0050022737608003635   0   1.0   
0.670220719389   0.3   0   0.010914051841746248   0   1.0   
0.148294411548   0.0   0   0.0031832651205093224   0   1.0   
0.394803028582   0.2   0   0.004547521600727604   0   1.0   
0.143271913467   0.0   0   0.0031832651205093224   0   1.0   
0.115551775798   0.0   0   0.0031832651205093224   0   1.0   
0.40838048254   0.2   0   0.0036380172805820826   0   1.0   
0.165196489409   0.0   0   0.0036380172805820826   0   1.0   
0.125192280137   0.0   1   0.002728512960436562   0   0   
