0.795148705956   0.6   1   0.008640291041382447   0   1.0   
0.753394881463   0.5   0   0.007730786721236926   0   1.0   
0.822132200867   0.4   0   0.01182355616189177   1   1.0   
0.531712791483   0.4   0   0.005911778080945885   0   1.604470524826989   
0.519693594068   0.4   0   0.006366530241018645   0   2.1869528973377066   
0.890715465942   0.7   0   0.010459299681673489   5   2.1869528973377066   
0.379517957522   0.2   0   0.008185538881309686   0   2.1869528973377066   
0.0667280322211   0.1   0   0.0018190086402910413   0   2.1869528973377066   
0   0.0   0   0.0   0   2.1869528973377066   
0   0.0   0   0.0   0   2.1869528973377066   
0.270471964197   0.2   0   0.002273760800363802   0   2.1869528973377066   
0.519680645924   0.3   0   0.006366530241018645   0   2.1869528973377066   
0.606125806096   0.5   0   0.009095043201455207   0   3.1616323318186024   
0.424878334028   0.2   0   0.005911778080945885   0   3.766102856645592   
0.795172227844   0.5   0   0.0068212824010914054   0   4.2946969965165165   
0.43464197142   0.2   0   0.008185538881309686   1   4.2946969965165165   
0.773286621658   0.3   0   0.010004547521600727   0   4.2946969965165165   
0.626274036577   0.3   0   0.007730786721236926   0   4.2946969965165165   
0.391660899125   0.4   0   0.005911778080945885   0   4.2946969965165165   
0.182604291101   0.2   0   0.0031832651205093224   0   4.2946969965165165   
0.150836216262   0.1   0   0.0036380172805820826   0   4.2946969965165165   
0.510231337163   0.5   0   0.0068212824010914054   0   4.2946969965165165   
0   0.0   0   0.0   0   4.2946969965165165   
0   0.0   0   0.0   0   4.2946969965165165   
0.27624320119   0.2   0   0.002728512960436562   0   4.2946969965165165   
0.693893289063   0.5   0   0.0068212824010914054   0   4.857428430387654   
0.184892705299   0.1   1   0.004547521600727604   0   0   
