0.0605505412261   0.0   1   0.0050022737608003635   0   0   
0.195118779065   0.1   0   0.010004547521600727   0   0   
0.0572069443015   0.1   0   0.005457025920873124   0   0   
0.272855155911   0.4   0   0.005457025920873124   0   0   
0.0230474701465   0.0   0   0.002273760800363802   0   0   
0.13750967426   0.1   0   0.010004547521600727   0   0   
0.172208060082   0.1   0   0.008185538881309686   0   0   
0.0281936661409   0.0   0   0.002728512960436562   0   0   
0.156668672062   0.2   0   0.0031832651205093224   0   0   
0.39148480551   0.4   0   0.009095043201455207   0   0   
0.0397979591445   0.0   0   0.004092769440654843   0   0   
0.0645605246146   0.1   0   0.004547521600727604   0   0   
0.0435632930506   0.1   0   0.002728512960436562   0   0   
0.286806180045   0.4   0   0.009549795361527967   0   0   
0.0523030069375   0.0   0   0.0036380172805820826   0   0   
0.153165498959   0.2   0   0.008185538881309686   0   0   
0.237614525476   0.3   0   0.009549795361527967   0   0   
0.0692197816672   0.0   0   0.006366530241018645   0   0   
0.109715212263   0.1   0   0.008640291041382447   0   0   
0.312982058877   0.2   0   0.008640291041382447   0   0   
0.138821217616   0.1   0   0.004547521600727604   0   0   
0.32788011134   0.5   0   0.008640291041382447   0   0   
0.191359999073   0.2   0   0.0068212824010914054   0   0   
0.192132514475   0.1   0   0.010004547521600727   0   0   
0.025631018634   0.0   0   0.0009095043201455207   0   0   
0.244169462981   0.4   0   0.007276034561164165   0   0   
0.320979078715   0.4   0   0.01227830832196453   0   0   
0.286979555332   0.4   0   0.009095043201455207   0   0   
0.349045103703   0.8   0   0.006366530241018645   0   0   
0.104525984215   0.2   0   0.002273760800363802   0   0   
0.0696053550946   0.1   0   0.004547521600727604   0   0   
0.314828026381   0.6   0   0.0068212824010914054   0   0   
0.0804987664729   0.0   0   0.0068212824010914054   0   0   
0.0323850583152   0.0   0   0.0031832651205093224   1   0   
0.201247522858   0.2   0   0.0068212824010914054   0   0   
0.101804210608   0.1   0   0.006366530241018645   0   0   
0.278694016261   0.5   0   0.0068212824010914054   0   0   
0.0851691968632   0.0   0   0.005457025920873124   0   0   
0.0132445030112   0.0   0   0.001364256480218281   0   0   
0.108088195501   0.0   0   0.008185538881309686   0   0   
0.0270703704339   0.0   0   0.002728512960436562   1   0   
0.119877002446   0.1   0   0.005911778080945885   0   0   
0.219923786727   0.4   0   0.008185538881309686   0   0   
0.2237003858   0.3   0   0.008640291041382447   0   0   
0.2136508487   0.3   0   0.010459299681673489   0   0   
0.0862399214199   0.0   0   0.006366530241018645   0   0   
0.161445976836   0.2   0   0.009095043201455207   0   0   
0.0149705168345   0.0   0   0.0009095043201455207   0   0   
0.128905250159   0.3   0   0.0050022737608003635   0   0   
0.079177907147   0.1   0   0.005457025920873124   2   0   
0.185090693447   0.2   0   0.0050022737608003635   0   0   
0.00471316626522   0.0   0   0.00045475216007276033   0   0   
0.221329510205   0.3   0   0.005911778080945885   0   0   
0.256005065058   0.3   0   0.009095043201455207   0   0   
0.341074706311   0.2   0   0.0068212824010914054   0   0   
0.27354544863   0.3   0   0.010459299681673489   0   0   
0.0827008254656   0.1   0   0.005457025920873124   0   0   
0.253882095309   0.4   0   0.0050022737608003635   0   0   
0.168691803513   0.2   0   0.005457025920873124   0   0   
0.353417019541   0.5   0   0.009095043201455207   0   0   
0.316857647641   0.5   0   0.007276034561164165   0   0   
0.222026704459   0.4   0   0.004547521600727604   0   0   
0.0955111802671   0.0   0   0.006366530241018645   0   0   
0.23544076027   0.2   0   0.004547521600727604   0   0   
0.0688065420516   0.0   0   0.0050022737608003635   0   0   
0.176770020437   0.4   0   0.004547521600727604   0   0   
0.357286591954   0.4   0   0.008640291041382447   0   0   
0.179374347716   0.1   0   0.011368804001819008   0   0   
0.236997294325   0.2   0   0.007730786721236926   0   0   
0.289867641242   0.4   0   0.010459299681673489   0   0   
0.261294418513   0.4   0   0.006366530241018645   0   0   
0.0207531795912   0.0   0   0.001364256480218281   0   0   
0.0627732873315   0.1   0   0.004092769440654843   0   0   
0.312173586677   0.3   0   0.007276034561164165   0   0   
0.168564056754   0.1   0   0.01182355616189177   0   0   
0.118601936776   0.1   0   0.007730786721236926   0   0   
0.0726951434732   0.0   0   0.005911778080945885   0   0   
0.09247401676   0.1   0   0.004547521600727604   0   0   
0.12404481814   0.1   0   0.008640291041382447   0   0   
0.21239544464   0.2   0   0.005911778080945885   0   0   
0.180108520108   0.2   0   0.004092769440654843   0   0   
0.157365500046   0.2   0   0.009549795361527967   0   0   
0.242321642147   0.3   0   0.008185538881309686   0   0   
0.0291719923384   0.0   1   0.002273760800363802   0   0   
