0.497276097378   0.3   1   0.005911778080945885   0   0   
0.472184145206   0.4   0   0.008640291041382447   0   0   
0.402825629151   0.4   0   0.007730786721236926   0   0   
0.12625409606   0.2   0   0.0036380172805820826   0   0   
0.213456915952   0.1   0   0.009095043201455207   0   0   
0.434902556703   0.4   0   0.008185538881309686   0   1.0   
0.372056089146   0.3   0   0.005911778080945885   0   1.0   
0.441799207355   0.3   0   0.01227830832196453   1   1.0   
0.274817379592   0.2   0   0.004547521600727604   0   1.0   
0.264690499369   0.3   0   0.002273760800363802   0   1.0   
0.0797672310422   0.0   0   0.002728512960436562   0   1.5222329678670934   
0.150774564529   0.1   0   0.0050022737608003635   0   1.5222329678670934   
0.4688619954   0.2   0   0.008185538881309686   0   2.0699555253722592   
0.430745668828   0.3   0   0.004547521600727604   0   2.0699555253722592   
0.019442879922   0.0   0   0.002273760800363802   0   2.0699555253722592   
0.0056283969043   0.0   0   0.0009095043201455207   0   2.0699555253722592   
0.320067602189   0.3   0   0.005911778080945885   0   2.749321745859017   
0.143226670611   0.2   0   0.007730786721236926   0   3.313899045787449   
0.0248593208502   0.0   0   0.0018190086402910413   0   3.313899045787449   
0   0.0   0   0.0   0   3.313899045787449   
0   0.0   0   0.0   0   3.313899045787449   
0.135568037307   0.3   0   0.0018190086402910413   0   3.313899045787449   
0.0509350725513   0.0   0   0.001364256480218281   0   3.313899045787449   
0.575781174335   0.3   0   0.010459299681673489   1   3.313899045787449   
0.19578917188   0.2   0   0.002728512960436562   0   3.313899045787449   
0.563926982257   0.4   0   0.011368804001819008   0   3.313899045787449   
0.430047700673   0.3   0   0.008185538881309686   0   3.313899045787449   
0.374064499856   0.3   0   0.007276034561164165   0   3.313899045787449   
0.141657951093   0.1   0   0.005911778080945885   3   3.313899045787449   
0.444791685925   0.3   0   0.009095043201455207   0   3.313899045787449   
0.692712004876   0.4   0   0.010914051841746248   0   3.313899045787449   
0.380682403094   0.5   0   0.006366530241018645   0   3.313899045787449   
0.594966810059   0.3   0   0.008640291041382447   0   3.313899045787449   
0.378642810482   0.3   0   0.0068212824010914054   0   3.313899045787449   
0.183087126936   0.2   0   0.007730786721236926   2   3.313899045787449   
0.373429685459   0.3   0   0.007276034561164165   0   3.313899045787449   
0.0666803105852   0.1   0   0.002273760800363802   0   3.313899045787449   
0.572618130582   0.5   0   0.010914051841746248   0   3.7182028158187688   
0.471953384975   0.3   0   0.008640291041382447   0   3.066275691170893   
0.121125799496   0.0   0   0.006366530241018645   0   3.066275691170893   
0.0246744377752   0.0   0   0.002273760800363802   0   3.066275691170893   
0.782168540041   0.6   0   0.01409731696225557   0   3.066275691170893   
0.0723443701263   0.0   0   0.002728512960436562   0   3.066275691170893   
0.30246360058   0.2   0   0.007276034561164165   1   3.3363065536045537   
0.366330498923   0.4   0   0.005911778080945885   0   3.3363065536045537   
0.26837576732   0.3   0   0.005911778080945885   0   3.3363065536045537   
0.0594401915529   0.0   0   0.0031832651205093224   0   3.3363065536045537   
0   0.0   0   0.0   0   3.3363065536045537   
0   0.0   0   0.0   0   3.3363065536045537   
0   0.0   0   0.0   0   3.3363065536045537   
0.0688985391141   0.1   0   0.0031832651205093224   0   3.3363065536045537   
0.512277102547   0.3   0   0.019554342883128694   1   3.3363065536045537   
0.0417868503365   0.1   0   0.0018190086402910413   0   3.3363065536045537   
0.223872617626   0.2   0   0.006366530241018645   0   3.3363065536045537   
0.0316281026732   0.0   0   0.002728512960436562   0   3.3363065536045537   
0.315791786021   0.2   0   0.004092769440654843   0   3.3363065536045537   
0.167459088848   0.2   0   0.0036380172805820826   0   3.3363065536045537   
0.123679062109   0.0   0   0.0068212824010914054   0   3.3363065536045537   
0.223251877704   0.2   0   0.005457025920873124   0   3.3363065536045537   
0.0785824301592   0.1   0   0.002728512960436562   0   3.3363065536045537   
0.394243836278   0.4   0   0.009549795361527967   0   3.5863065536045537   
0.158727028937   0.2   0   0.005911778080945885   0   3.5863065536045537   
0.793509292105   0.4   0   0.010459299681673489   0   3.5863065536045537   
0.141314512042   0.2   0   0.004092769440654843   0   3.5863065536045537   
0.119281641172   0.1   0   0.0050022737608003635   0   3.5863065536045537   
0.351805023416   0.2   0   0.007276034561164165   0   3.5863065536045537   
0.152704642066   0.1   0   0.008185538881309686   0   3.5863065536045537   
0.228899902373   0.2   0   0.0068212824010914054   0   3.5863065536045537   
0.289248990551   0.3   0   0.0068212824010914054   0   3.5863065536045537   
0.113009220422   0.2   0   0.004092769440654843   0   3.5863065536045537   
0.320024325862   0.4   0   0.004547521600727604   0   3.5863065536045537   
0.337863760387   0.5   0   0.0068212824010914054   0   3.5863065536045537   
0.0897463059861   0.0   0   0.0036380172805820826   0   3.5863065536045537   
0.0648086654989   0.0   0   0.004547521600727604   2   3.5863065536045537   
0.0716002629724   0.1   0   0.0031832651205093224   0   3.5863065536045537   
0.107985003821   0.1   0   0.005911778080945885   0   3.5863065536045537   
0.234375536992   0.2   0   0.0050022737608003635   0   3.5863065536045537   
1.14857636176   0.7   0   0.020918599363346977   1   3.5863065536045537   
0.332421988562   0.1   0   0.008185538881309686   0   3.5863065536045537   
1.16695784153   0.7   0   0.020463847203274217   2   4.566045324758116   
0.345223951017   0.3   0   0.005911778080945885   0   4.566045324758116   
0.0796263245167   0.0   0   0.004092769440654843   2   4.566045324758116   
0.334568766586   0.3   0   0.0050022737608003635   0   4.566045324758116   
0.0778708841965   0.0   0   0.0031832651205093224   0   3.1089659979049045   
0.863383784828   0.5   0   0.020463847203274217   2   3.1089659979049045   
0.0903678045893   0.0   1   0.0050022737608003635   0   0   
