0.188359593628   0.2   1   0.005911778080945885   0   0   
0.335087542611   0.3   0   0.01273306048203729   0   0   
0.169835958444   0.1   0   0.009549795361527967   0   0   
0.149321521332   0.1   0   0.005911778080945885   0   0   
0.142654189997   0.2   0   0.006366530241018645   0   0   
0.0703724702617   0.1   0   0.004547521600727604   0   0   
0.350061131034   0.3   0   0.013642564802182811   0   0   
0.104928045502   0.1   0   0.005457025920873124   0   0   
0.0297969690746   0.0   0   0.0018190086402910413   0   0   
0.203852688193   0.2   0   0.0068212824010914054   0   0   
0.0236492847349   0.0   0   0.0018190086402910413   0   0   
0.0434145796857   0.0   0   0.002273760800363802   0   0   
0.237248031307   0.3   0   0.010004547521600727   0   0   
0.336024996706   0.6   0   0.009095043201455207   0   0   
0.262019355775   0.2   0   0.008640291041382447   0   0   
0.34612047462   0.3   0   0.010004547521600727   0   0   
0.257789366413   0.1   0   0.009095043201455207   0   0   
0.405337011756   0.3   0   0.010914051841746248   0   0   
0.214431318532   0.0   0   0.0068212824010914054   0   0   
0.190718848582   0.2   0   0.0050022737608003635   0   0   
0.062355968748   0.0   0   0.0031832651205093224   0   0   
0.167518450993   0.1   0   0.006366530241018645   0   0   
0.303475547335   0.1   0   0.010914051841746248   0   0   
0.14280452975   0.1   0   0.0068212824010914054   0   0   
0.114677720664   0.2   0   0.002728512960436562   0   0   
0.230211365564   0.2   0   0.007730786721236926   0   0   
0.215296470867   0.2   0   0.008185538881309686   0   0   
0.283955031114   0.4   0   0.008640291041382447   1   0   
0.0676858101922   0.1   0   0.001364256480218281   0   0   
0   0.0   0   0.0   0   0   
0   0.0   0   0.0   0   0   
0.131169878693   0.1   0   0.0050022737608003635   0   0   
0.217868187292   0.2   0   0.007276034561164165   0   0   
0.292046013514   0.5   0   0.007276034561164165   0   0   
0.188152959294   0.2   0   0.004547521600727604   0   0   
0.266981174808   0.2   0   0.007730786721236926   0   0   
0.199909731793   0.3   0   0.005457025920873124   0   0   
0.151070164742   0.0   0   0.0068212824010914054   0   0   
0.477395555229   0.4   0   0.010459299681673489   0   0   
0.0314365117217   0.1   0   0.002273760800363802   0   0   
0.58332967296   0.5   0   0.01637107776261937   0   0   
0.160178982039   0.4   0   0.004547521600727604   0   0   
0.109333582698   0.1   0   0.006366530241018645   0   0   
0.0769488829347   0.1   0   0.0050022737608003635   0   0   
0.0419382513633   0.0   0   0.0031832651205093224   0   0   
0.283242118968   0.2   0   0.010004547521600727   0   0   
0.19714510402   0.2   0   0.007730786721236926   0   0   
0.115434563753   0.1   0   0.0068212824010914054   0   0   
0.169811752708   0.4   0   0.004547521600727604   0   0   
0.166174580428   0.2   0   0.008640291041382447   0   0   
0.11355971076   0.2   0   0.005911778080945885   0   0   
0.265396231812   0.4   0   0.0068212824010914054   0   0   
0.0702531789928   0.1   0   0.0050022737608003635   2   0   
0.217593493878   0.5   0   0.007730786721236926   0   0   
0.116727504842   0.1   0   0.0068212824010914054   2   0   
0.211876415933   0.3   0   0.006366530241018645   0   0   
0.172040458466   0.3   0   0.010004547521600727   0   0   
0.157904910939   0.1   0   0.005911778080945885   0   0   
0.196587367233   0.1   0   0.011368804001819008   0   0   
0.0359833523174   0.0   1   0.0018190086402910413   0   0   
