0.451319334975   0.6   1   0.020918599363346977   0   1.0   
0.0550141542523   0.1   0   0.005457025920873124   0   1.0   
0.19763491319   0.3   0   0.009549795361527967   0   1.2466709566336516   
0.121534431622   0.2   0   0.0050022737608003635   0   1.2466709566336516   
0.190068955427   0.2   0   0.015916325602546612   0   2.2020234636688367   
0.111819854837   0.1   0   0.0068212824010914054   0   3.007977056568565   
0.0532275346376   0.0   0   0.004547521600727604   0   3.333937176828697   
0.0296565351555   0.0   0   0.0036380172805820826   0   4.06280616368436   
0.122462212034   0.2   0   0.0031832651205093224   0   4.06280616368436   
0.152104928111   0.1   0   0.0068212824010914054   0   4.06280616368436   
0.15979119768   0.2   0   0.0068212824010914054   0   4.06280616368436   
0.2179373524   0.3   0   0.006366530241018645   0   4.06280616368436   
0.179610027437   0.3   0   0.005457025920873124   0   4.360365681540312   
0.0146566074594   0.0   0   0.002273760800363802   0   4.360365681540312   
0.00378960272979   0.0   0   0.0009095043201455207   0   4.360365681540312   
0.193634437337   0.4   0   0.0068212824010914054   0   4.626511005251501   
0.19526291777   0.3   0   0.008640291041382447   1   5.09946365671496   
0.242767581084   0.3   0   0.006366530241018645   0   5.357157758316064   
0.164331368503   0.2   0   0.007276034561164165   0   5.357157758316064   
0.0273796521665   0.0   0   0.004092769440654843   0   5.357157758316064   
0.221690464901   0.3   0   0.008185538881309686   0   5.600114087267952   
0.260125564143   0.5   0   0.007276034561164165   0   5.600114087267952   
0.0167457379724   0.0   0   0.002728512960436562   0   6.020926793033038   
0.113658466327   0.2   0   0.002728512960436562   0   6.020926793033038   
0.151437380824   0.2   0   0.007276034561164165   0   6.536314996235245   
0.0259691708812   0.0   0   0.0036380172805820826   0   6.536314996235245   
0.0909470426176   0.1   0   0.0068212824010914054   0   6.802460319946434   
0.160669405739   0.2   0   0.005911778080945885   1   6.948578986307641   
0.0682346471915   0.0   0   0.006366530241018645   0   7.430391042137357   
0.0950274113077   0.1   0   0.004547521600727604   0   7.516884050093684   
0.150865072428   0.3   0   0.005911778080945885   0   7.736148554920441   
0.218770339531   0.3   0   0.010459299681673489   0   7.736148554920441   
0.100964138603   0.1   0   0.002728512960436562   1   7.736148554920441   
0.298476704715   0.3   0   0.01318781264211005   1   8.137040417789077   
0.240032419228   0.4   0   0.008640291041382447   0   8.86251666789909   
0.116056488679   0.2   0   0.005911778080945885   0   8.86251666789909   
0.0523576125893   0.0   0   0.004547521600727604   0   8.86251666789909   
0.0921176908206   0.1   0   0.007730786721236926   0   8.86251666789909   
0.00461727782187   0.0   0   0.0009095043201455207   0   8.86251666789909   
0.0815653342107   0.1   0   0.007276034561164165   0   8.86251666789909   
0.0291300867586   0.0   0   0.002728512960436562   0   8.86251666789909   
0.326080396481   0.6   0   0.008640291041382447   0   8.86251666789909   
0.0145693073498   0.0   0   0.002273760800363802   0   8.86251666789909   
0.0819888240007   0.1   0   0.005457025920873124   0   9.073805231581218   
0.0822846420224   0.1   0   0.005911778080945885   0   9.073805231581218   
0.203983585352   0.3   0   0.0068212824010914054   0   9.686177667277013   
0.142543820586   0.1   0   0.008185538881309686   1   9.686177667277013   
0.139763256562   0.3   0   0.0050022737608003635   0   9.686177667277013   
0.0152577682627   0.0   0   0.0018190086402910413   0   9.686177667277013   
0.0891473556702   0.1   0   0.004092769440654843   0   9.686177667277013   
0.243907066319   0.3   0   0.008640291041382447   0   9.686177667277013   
0.239219577496   0.3   0   0.009095043201455207   1   9.686177667277013   
0.250147538344   0.5   0   0.006366530241018645   1   10.3200433583234   
0.0974393027619   0.1   0   0.0031832651205093224   0   10.3200433583234   
0.176672739454   0.3   0   0.009095043201455207   0   10.496820053620038   
0.0677357376435   0.1   0   0.0031832651205093224   0   10.496820053620038   
0.108143864206   0.1   0   0.005457025920873124   0   10.725037785913857   
0.146628308423   0.1   0   0.01273306048203729   0   10.869375353211263   
0.12481161508   0.1   0   0.005911778080945885   0   10.869375353211263   
0.188609776885   0.2   0   0.006366530241018645   0   11.080663916893393   
0.170358348429   0.3   0   0.005457025920873124   0   11.30888164918721   
0.158465073601   0.2   0   0.007276034561164165   0   11.30888164918721   
0.00287767965802   0.0   0   0.00045475216007276033   0   11.30888164918721   
0.149936235026   0.1   0   0.009095043201455207   0   11.662435039780483   
0.109993689099   0.2   0   0.002728512960436562   0   11.662435039780483   
0.177174918763   0.2   0   0.009095043201455207   0   11.830985005396295   
0.131243907577   0.3   0   0.008185538881309686   0   12.007761700692932   
0.120182346071   0.1   0   0.002273760800363802   0   12.007761700692932   
0.0169603678598   0.0   0   0.002273760800363802   0   12.007761700692932   
0.0602104328048   0.1   0   0.0050022737608003635   1   12.007761700692932   
0.0849448745832   0.1   0   0.005457025920873124   0   12.235979432986749   
0.279008353255   0.4   0   0.007276034561164165   0   12.422318431111732   
0.154766104952   0.3   0   0.005911778080945885   0   12.64158293593849   
0.396057612087   0.4   0   0.009095043201455207   0   12.64158293593849   
0.0461870574388   0.0   0   0.005457025920873124   0   12.869800668232308   
0.363966062972   0.3   0   0.015006821282401092   0   12.86106074603632   
0.283618938243   0.4   0   0.008185538881309686   0   13.186902486005545   
0.27469610699   0.4   0   0.0050022737608003635   0   13.186902486005545   
0.146049529141   0.4   0   0.0050022737608003635   0   13.406584942277583   
0.333329184698   0.4   0   0.008185538881309686   0   13.406584942277583   
0.101325756397   0.2   0   0.0050022737608003635   0   13.406584942277583   
0.144411311744   0.2   0   0.005911778080945885   0   13.406584942277583   
0.0206422335655   0.1   0   0.0031832651205093224   0   13.406584942277583   
0.00434966861853   0.0   0   0.00045475216007276033   0   13.406584942277583   
0.0924573576596   0.2   0   0.004092769440654843   0   13.892321129262916   
0.11203424592   0.2   0   0.002273760800363802   0   13.892321129262916   
0.167207636725   0.3   0   0.0036380172805820826   0   13.892321129262916   
0.135444092609   0.3   0   0.0036380172805820826   0   13.892321129262916   
0.143913522089   0.1   0   0.008185538881309686   0   14.218162869232144   
0.122109189352   0.2   0   0.0036380172805820826   0   14.218162869232144   
0.0376761714993   0.0   0   0.004547521600727604   0   14.218162869232144   
0.197334305095   0.3   0   0.005911778080945885   0   14.406287685516592   
0.214051309312   0.2   0   0.009549795361527967   0   14.406287685516592   
0.0607326605634   0.1   0   0.002273760800363802   0   14.406287685516592   
0.150944144464   0.2   0   0.004547521600727604   0   14.636692589442456   
0.223438793425   0.2   0   0.009095043201455207   0   14.799613459427068   
0.202967485323   0.3   0   0.007730786721236926   0   15.153038448566827   
0.0294505521037   0.0   0   0.004547521600727604   0   15.153038448566827   
0.114054805038   0.1   0   0.008185538881309686   0   15.641801058520667   
0.131992500835   0.2   0   0.004092769440654843   0   15.641801058520667   
0.114022044106   0.1   0   0.0050022737608003635   0   15.641801058520667   
0.143760528744   0.2   0   0.0050022737608003635   0   15.641801058520667   
0.108744003533   0.2   0   0.005911778080945885   0   15.641801058520667   
0.185772599219   0.2   0   0.010004547521600727   0   15.641801058520667   
0.227886746148   0.5   0   0.006366530241018645   0   15.836528743383925   
0.180088549517   0.3   0   0.008640291041382447   0   16.17083531479811   
0.0655278531618   0.1   0   0.0018190086402910413   0   16.17083531479811   
0.105646220849   0.2   0   0.002728512960436562   0   16.17083531479811   
0.170069952145   0.1   0   0.008640291041382447   0   16.17083531479811   
0.0593841988309   0.1   0   0.0036380172805820826   0   16.17083531479811   
0.0234832155688   0.0   0   0.002273760800363802   0   16.17083531479811   
0.100885271402   0.1   0   0.006366530241018645   0   16.17083531479811   
0.293807318887   0.4   0   0.009095043201455207   0   16.481513223873456   
0.10312347432   0.1   0   0.0031832651205093224   0   16.481513223873456   
0.138166962663   0.2   0   0.005457025920873124   0   16.481513223873456   
0.159164173676   0.2   0   0.0050022737608003635   0   16.481513223873456   
0.273598978221   0.4   0   0.009095043201455207   0   16.636852178411132   
0.140153602353   0.1   0   0.004547521600727604   0   13.034503819823428   
0.129392871756   0.2   0   0.0068212824010914054   0   13.290158816105883   
0.0295162821982   0.0   0   0.004092769440654843   0   13.46584090833746   
0.13788814692   0.2   0   0.001364256480218281   0   13.46584090833746   
0.00535444679994   0.0   0   0.0009095043201455207   0   13.46584090833746   
0.143501125285   0.2   0   0.005457025920873124   0   13.617986063200005   
0.185669829406   0.3   0   0.006366530241018645   0   13.899704148109512   
0.119424355391   0.2   0   0.0031832651205093224   0   14.09890891633191   
0.0914515872039   0.1   0   0.005911778080945885   0   14.245085252883081   
0.0680962211942   0.1   0   0.0036380172805820826   0   14.245085252883081   
0.0173225660445   0.0   0   0.002273760800363802   0   14.245085252883081   
0.135941774965   0.1   0   0.005457025920873124   0   14.245085252883081   
0.04433771382   0.0   0   0.005911778080945885   0   14.245085252883081   
0.261090643917   0.3   0   0.010914051841746248   1   14.451809810531762   
0.117987496564   0.3   0   0.0036380172805820826   0   14.638148808656744   
0.0178204837572   0.0   0   0.002273760800363802   0   14.638148808656744   
0.0926053130628   0.0   0   0.004547521600727604   0   14.971482141990078   
0.304648079248   0.4   0   0.006366530241018645   0   15.235005280337441   
0.244385023655   0.4   0   0.005457025920873124   0   15.235005280337441   
0.142509597077   0.2   0   0.005457025920873124   0   15.38715043519999   
0.133135727534   0.3   0   0.005457025920873124   0   15.38715043519999   
0.132849661197   0.3   0   0.005911778080945885   0   15.38715043519999   
0.0531125360527   0.1   0   0.005457025920873124   0   15.38715043519999   
0.273417947892   0.5   0   0.010459299681673489   0   15.59796894587788   
0.229116327512   0.6   0   0.007730786721236926   1   15.72579644401911   
0.167606097138   0.3   0   0.005457025920873124   0   15.72579644401911   
0.0748820077336   0.1   0   0.0031832651205093224   0   15.92500121224151   
0.0385301166965   0.0   0   0.004547521600727604   1   16.091667878908176   
0.140992973859   0.2   0   0.008640291041382447   0   16.206678805465234   
0.14436612905   0.1   0   0.006366530241018645   0   16.347537847919988   
0.0900708456989   0.0   0   0.0068212824010914054   0   16.347537847919988   
0.103173074767   0.2   0   0.0050022737608003635   0   16.786066857573502   
0.126099811347   0.1   0   0.005911778080945885   0   16.786066857573502   
0.180592583686   0.3   0   0.0050022737608003635   0   17.262798152196297   
0.0605446845867   0.1   0   0.0031832651205093224   0   17.462002920418698   
0.047235468344   0.0   0   0.0031832651205093224   1   17.462002920418698   
0.109299432794   0.2   0   0.002728512960436562   0   17.462002920418698   
0.22421125767   0.5   0   0.005457025920873124   0   17.614148075281243   
0.241865871974   0.5   0   0.0068212824010914054   2   17.614148075281243   
0.0914734321207   0.3   0   0.004547521600727604   0   17.614148075281243   
0.193750246989   0.4   0   0.005911778080945885   0   17.7502308387692   
0.245556788209   0.4   0   0.004092769440654843   0   17.925912931000774   
0.282742086379   0.3   0   0.007730786721236926   0   18.28865105605578   
0.244952571236   0.1   1   0.019554342883128694   0   0   
