0.572789999266   0.3   1   0.008185538881309686   0   1.0   
0.313709046733   0.3   0   0.0050022737608003635   0   1.7385489458759964   
0.447023988744   0.2   0   0.007730786721236926   1   2.67513475745769   
0.565275837192   0.4   0   0.011368804001819008   0   3.555017447585809   
0.443268535544   0.5   0   0.006366530241018645   0   3.4879939352219074   
0.588118646904   0.5   0   0.010004547521600727   0   4.272458475774644   
0.17194079611   0.0   0   0.010004547521600727   1   4.272458475774644   
0.382132387149   0.4   0   0.005911778080945885   0   4.747915786824841   
0.408352608103   0.3   0   0.004092769440654843   0   5.592891100321717   
0.361462916256   0.3   0   0.007730786721236926   1   5.995090933591639   
0.143563985402   0.1   0   0.005457025920873124   2   5.995090933591639   
0.105877576698   0.0   0   0.004547521600727604   1   5.995090933591639   
0.258985713469   0.2   0   0.005457025920873124   0   6.473804487469809   
0.324955994601   0.3   0   0.008640291041382447   0   6.981061760971597   
0.114698503865   0.0   0   0.0050022737608003635   0   7.147728427638263   
0.265477791344   0.1   0   0.005457025920873124   0   7.307299612264321   
0.25852415479   0.3   0   0.0068212824010914054   0   7.592749225123545   
0.147533526228   0.1   0   0.007730786721236926   0   7.592749225123545   
0.297325523753   0.2   0   0.006366530241018645   0   8.183686065408825   
0.107940208883   0.1   0   0.004547521600727604   1   8.183686065408825   
0.222909868977   0.2   0   0.005457025920873124   0   8.662399619286994   
0.386706439119   0.2   0   0.008640291041382447   0   9.265522006333448   
0.33762402635   0.3   0   0.0068212824010914054   0   9.801788450693344   
0.178456909389   0.2   0   0.004092769440654843   0   10.170302316288387   
0.0713947031166   0.0   0   0.0036380172805820826   0   10.170302316288387   
0.157651158086   0.3   0   0.004092769440654843   0   10.170302316288387   
0.130409944688   0.0   0   0.005457025920873124   0   10.170302316288387   
0.168156793332   0.2   0   0.0031832651205093224   0   10.588157763307061   
0.300232605579   0.2   0   0.004547521600727604   2   11.112562187392136   
0.490129003321   0.5   0   0.0068212824010914054   2   11.782895242842006   
0.515538542965   0.3   0   0.007730786721236926   0   12.41696683471924   
0.427094792657   0.4   0   0.009095043201455207   0   12.888371355510271   
0.0906421308617   0.0   0   0.0050022737608003635   0   13.055038022176939   
0.183625675663   0.1   0   0.007730786721236926   0   13.055038022176939   
0.111294817494   0.2   0   0.0036380172805820826   0   13.055038022176939   
0.0907621324431   0.0   0   0.0031832651205093224   2   13.055038022176939   
0.0677215418225   0.0   0   0.002728512960436562   0   13.055038022176939   
0.349437326521   0.3   0   0.005911778080945885   2   13.514971127680838   
0.191759700315   0.1   0   0.007730786721236926   0   13.649037738770812   
0.117311711736   0.2   0   0.004092769440654843   0   13.649037738770812   
0.464155916556   0.3   0   0.006366530241018645   0   14.34000123676152   
0.0739521369074   0.0   0   0.002728512960436562   0   14.34000123676152   
0.523631337458   0.4   0   0.007730786721236926   0   15.100887147014202   
0.714540376617   0.5   0   0.01273306048203729   0   15.837914878204291   
0.43044644874   0.3   1   0.005911778080945885   0   0   
