0.13105573914   0.1   1   0.005911778080945885   0   0   
0.0850741385256   0.0   0   0.007276034561164165   0   0   
0.156382467024   0.1   0   0.007730786721236926   0   0   
0.378592289976   0.5   0   0.015006821282401092   0   0   
0.30753031945   0.5   0   0.007730786721236926   0   0   
0.029993599592   0.1   0   0.00045475216007276033   0   0   
0.149014475333   0.1   0   0.005457025920873124   0   1.0   
0.0205253759146   0.0   0   0.002273760800363802   0   1.0   
0.0766384452071   0.1   0   0.001364256480218281   0   1.0   
0.100441445299   0.1   0   0.0031832651205093224   0   1.0   
0.281212213821   0.3   0   0.010914051841746248   0   1.0   
0.266856982004   0.2   0   0.010914051841746248   0   1.0   
0.0301996430385   0.0   0   0.002273760800363802   0   1.0   
0.317853967276   0.4   0   0.008640291041382447   0   1.0   
0.223634340986   0.3   0   0.009549795361527967   1   1.0   
0.350440035684   0.3   0   0.01182355616189177   0   1.0   
0.236478486357   0.4   0   0.008640291041382447   0   1.0   
0.177547616473   0.2   0   0.008185538881309686   0   1.0   
0.0945268352218   0.1   0   0.004547521600727604   0   1.0   
0.336144462218   0.2   0   0.013642564802182811   0   1.0   
0.145448619469   0.2   0   0.006366530241018645   0   1.0   
0.141746096897   0.1   0   0.005911778080945885   0   1.0   
0.113484925321   0.1   0   0.004092769440654843   0   1.0   
0.143188801579   0.1   0   0.005457025920873124   0   1.0   
0.160039268407   0.1   0   0.006366530241018645   0   1.0   
0.397450210972   0.4   0   0.010004547521600727   0   1.0   
0.180889019358   0.2   0   0.008640291041382447   0   1.0   
0.120852752674   0.2   0   0.0031832651205093224   0   1.0   
0.0823625589549   0.1   0   0.002273760800363802   0   1.0   
0.0863247587112   0.1   0   0.002273760800363802   0   1.0   
0.325646497061   0.3   0   0.01273306048203729   0   1.0   
0.14416194213   0.1   0   0.008185538881309686   0   1.0   
0.135230841428   0.3   0   0.005457025920873124   0   1.0   
0.265775404622   0.4   0   0.010459299681673489   0   1.0   
0.232993995792   0.3   0   0.007276034561164165   0   1.0   
0.0671088649799   0.1   0   0.004547521600727604   0   1.0   
0.231286815869   0.2   0   0.009549795361527967   0   1.0   
0.219310966227   0.3   0   0.007276034561164165   0   1.0   
0.0946493086143   0.1   0   0.0050022737608003635   1   1.0   
0.14128556441   0.1   0   0.010004547521600727   0   1.0   
0.0944636494303   0.0   0   0.005457025920873124   0   1.0   
0.0612227159517   0.0   0   0.0031832651205093224   0   1.0   
0.144237305493   0.2   0   0.005911778080945885   0   1.0   
0.175919381514   0.3   0   0.0050022737608003635   0   1.0   
0.230412662933   0.2   0   0.007730786721236926   0   1.0   
0.0659954992504   0.0   0   0.0031832651205093224   0   1.0   
0.19239511111   0.4   0   0.007276034561164165   0   1.0   
0.172906750099   0.2   0   0.0068212824010914054   0   1.0   
0.288812186584   0.3   0   0.01273306048203729   0   1.0   
0.157019734681   0.1   0   0.010004547521600727   0   1.0   
0.201696083129   0.2   0   0.007276034561164165   0   1.0   
0.238460589036   0.3   0   0.006366530241018645   0   1.0   
0.208402767348   0.3   0   0.008185538881309686   0   1.0   
0.183235251537   0.3   0   0.005457025920873124   0   1.0   
0.562084695365   0.6   0   0.017735334242837655   4   1.0   
0.149673344077   0.3   0   0.004547521600727604   0   1.0   
0.40231076324   0.7   0   0.01273306048203729   0   1.0   
0.252513836195   0.4   0   0.008185538881309686   0   1.0   
0.218312346452   0.3   0   0.0068212824010914054   0   1.0   
0.258521893958   0.4   0   0.008640291041382447   0   1.0   
0.119397670776   0.2   0   0.0036380172805820826   0   1.0   
0.175081076422   0.2   0   0.0068212824010914054   0   1.0   
0.0346374974695   0.0   0   0.002273760800363802   0   1.0   
0.15705402952   0.2   0   0.006366530241018645   0   1.0   
0.0601439246419   0.0   0   0.004547521600727604   0   1.0   
0.0667080451491   0.0   0   0.004547521600727604   0   1.0   
0.304553787169   0.6   0   0.0068212824010914054   0   1.0   
0.0789882598357   0.1   0   0.005457025920873124   0   1.0   
0.124614173247   0.1   0   0.008640291041382447   0   1.0   
0.019950980244   0.0   0   0.001364256480218281   0   1.0   
0.0105218925087   0.0   0   0.0009095043201455207   0   1.0   
0.108140171241   0.2   0   0.005911778080945885   0   1.0   
0.080923516326   0.0   1   0.004547521600727604   0   0   
