0.119167357065   0.1   1   0.008640291041382447   1   0   
0.223742591753   0.2   0   0.007276034561164165   0   0   
0.0782791738294   0.1   0   0.0018190086402910413   0   0   
0.199093595187   0.2   0   0.004547521600727604   0   0   
0.012889109758   0.0   0   0.0009095043201455207   0   0   
0.00265220064971   0.0   0   0.00045475216007276033   0   0   
0.428704098294   0.3   0   0.0050022737608003635   0   0   
0.0108423996718   0.0   0   0.0018190086402910413   0   0   
0.201004286903   0.2   0   0.0036380172805820826   0   0   
0.108349653409   0.1   0   0.009549795361527967   0   0   
0.0745579115365   0.1   0   0.001364256480218281   0   0   
0.0366975863709   0.1   0   0.002728512960436562   0   0   
0.422843491438   0.3   0   0.002273760800363802   0   0   
0.15923053204   0.2   0   0.01318781264211005   0   0   
0.117262304067   0.2   0   0.005457025920873124   0   0   
0.254083758246   0.2   0   0.0031832651205093224   0   0   
0.202132904629   0.2   0   0.0031832651205093224   0   0   
1.44757225825   0.5   0   0.01409731696225557   0   1.0   
0.439513256433   0.3   0   0.004092769440654843   0   1.0   
0.753584240069   0.5   0   0.010459299681673489   2   1.0   
0.0227567383295   0.0   0   0.005457025920873124   0   1.0   
0.49378627808   0.5   0   0.007730786721236926   0   1.0   
0.0104542017658   0.0   0   0.0018190086402910413   0   1.0   
0.0353353861851   0.0   0   0.0036380172805820826   0   1.0   
0.607157386898   0.4   0   0.007276034561164165   0   1.0   
0.010544192401   0.0   0   0.001364256480218281   0   1.0   
0.223015121406   0.2   0   0.006366530241018645   0   1.0   
0.0603452254345   0.0   0   0.005911778080945885   0   1.0   
0.202083297763   0.2   0   0.0036380172805820826   0   1.0   
0.433722882775   0.3   0   0.004092769440654843   0   1.0   
0.430406862793   0.3   0   0.0031832651205093224   0   1.0   
0.248023518448   0.2   0   0.0018190086402910413   0   1.0   
0.601122209277   0.4   0   0.007730786721236926   1   1.0   
0.15437788163   0.3   0   0.015006821282401092   0   1.0   
0.0444035197986   0.2   0   0.004547521600727604   0   1.0   
0.486503016678   0.3   0   0.011368804001819008   0   1.0   
0.423238631802   0.4   0   0.01682582992269213   0   1.0   
0.0139810710331   0.0   0   0.004092769440654843   0   1.0   
0.061932457312   0.3   0   0.006366530241018645   0   1.0   
0.546213659384   0.2   0   0.009549795361527967   0   1.0   
0.0290582325695   0.0   0   0.0036380172805820826   0   1.0   
0.307837271539   0.2   0   0.01273306048203729   1   1.0   
0.268657628349   0.2   0   0.004547521600727604   0   1.0   
0.0355025957871   0.0   0   0.004547521600727604   0   1.0   
0.0155047376871   0.0   0   0.0031832651205093224   0   1.0   
0.161240041385   0.2   0   0.005911778080945885   0   1.0   
0.12174477207   0.1   0   0.002273760800363802   0   1.0   
0.0357766451015   0.0   0   0.005911778080945885   0   1.0   
0.0809770612194   0.1   0   0.006366530241018645   0   1.0   
0.300503560319   0.3   0   0.0068212824010914054   1   1.0   
0.65452941672   0.4   0   0.007730786721236926   0   1.0   
0.307732778429   0.3   0   0.009095043201455207   1   1.0   
0.00588475899002   0.0   0   0.0018190086402910413   0   1.0   
0.26279810748   0.2   0   0.006366530241018645   2   1.0   
0.397798857417   0.3   0   0.010459299681673489   0   1.0   
0.412702552853   0.2   0   0.01182355616189177   0   1.0   
0.200884493538   0.2   0   0.0031832651205093224   0   1.0   
0.255241895394   0.2   0   0.004547521600727604   0   1.0   
0.445892277025   0.3   0   0.0050022737608003635   0   1.0   
0.0382323628433   0.1   0   0.0031832651205093224   1   1.0   
0.188465816148   0.2   0   0.0031832651205093224   0   1.0   
0.240778364649   0.2   0   0.008185538881309686   0   1.0   
0.188175236369   0.2   0   0.002273760800363802   0   1.0   
0.0153353786296   0.0   0   0.0018190086402910413   0   1.0   
0.191673816437   0.2   0   0.002273760800363802   0   1.0   
0.0185677400159   0.0   0   0.002728512960436562   0   1.0   
0.0111465720368   0.0   0   0.0018190086402910413   0   1.0   
0.194486488783   0.3   0   0.004092769440654843   0   1.0   
0.00831312066176   0.1   0   0.002273760800363802   0   1.0   
0.428709997362   0.3   0   0.0036380172805820826   0   1.0   
0.207104004463   0.2   0   0.005911778080945885   0   1.0   
0.019814143871   0.0   0   0.004547521600727604   0   1.0   
0.382742690376   0.2   0   0.006366530241018645   0   1.0   
0.0144208607357   0.0   0   0.0031832651205093224   0   1.0   
0.00798497762048   0.0   0   0.001364256480218281   0   1.0   
0.619192768167   0.3   0   0.0050022737608003635   0   1.0   
0.105277545397   0.3   0   0.005911778080945885   0   1.0   
0.0417897552252   0.0   0   0.005911778080945885   0   1.0   
0.181564794889   0.2   0   0.004547521600727604   0   1.0   
0.00961798597791   0.0   0   0.002273760800363802   2   1.0   
0.0114724769961   0.0   0   0.002728512960436562   0   1.0   
0.0246041715444   0.2   0   0.0050022737608003635   1   1.0   
0.00877164450214   0.0   0   0.0018190086402910413   0   1.0   
0.365650878244   0.4   0   0.004092769440654843   0   1.0   
0.201065943306   0.3   0   0.0068212824010914054   0   1.0   
0.00937019938396   0.0   0   0.0018190086402910413   0   1.0   
0.185935353803   0.2   0   0.004092769440654843   0   1.0   
0.278179591149   0.3   0   0.010004547521600727   0   1.0   
0.19601374525   0.2   0   0.004547521600727604   1   1.0   
0.372109396802   0.3   0   0.008185538881309686   1   1.0   
0.0355782598227   0.1   0   0.004092769440654843   0   1.0   
0.179335549917   0.3   0   0.0036380172805820826   0   1.0   
0.188387396298   0.2   0   0.0036380172805820826   0   1.0   
0.0192402724648   0.0   0   0.004092769440654843   0   1.0   
0.0284929139097   0.0   0   0.004547521600727604   0   1.0   
0.170806297809   0.2   0   0.002273760800363802   0   1.0   
0.197263100715   0.2   0   0.0068212824010914054   0   1.0   
0.169055510272   0.2   0   0.0018190086402910413   0   1.0   
0.00304946004846   0.0   0   0.00045475216007276033   0   1.0   
0.354305296216   0.3   0   0.004092769440654843   0   1.0   
0.00667463037173   0.0   0   0.0009095043201455207   0   1.0   
0.172327455316   0.2   0   0.002273760800363802   0   1.0   
0.00162377819367   0.0   0   0.00045475216007276033   0   1.0   
0.190388240542   0.2   0   0.002273760800363802   0   1.0   
0.00304946004846   0.0   0   0.00045475216007276033   0   1.0   
0.00582369280764   0.0   0   0.00045475216007276033   0   1.0   
0.174108179915   0.2   0   0.002273760800363802   0   1.0   
0.00331752456356   0.1   0   0.0009095043201455207   0   1.0   
0.182965273574   0.2   0   0.0018190086402910413   0   1.0   
0.00261141708169   0.0   0   0.00045475216007276033   0   1.0   
0.00551720604312   0.0   0   0.0018190086402910413   0   1.0   
0.355872712161   0.3   0   0.0031832651205093224   0   1.0   
0.369166615343   0.3   0   0.004092769440654843   0   1.0   
0.184526518167   0.2   0   0.005457025920873124   2   1.0   
0.372951952119   0.4   0   0.006366530241018645   0   1.0   
0.0620965676661   0.2   0   0.005457025920873124   0   1.0   
0.0978340395948   0.2   0   0.007276034561164165   0   1.0   
0.351790461826   0.5   0   0.013642564802182811   0   1.0   
0.0482076312163   0.0   0   0.008640291041382447   0   1.0   
0.301864678415   0.2   0   0.0036380172805820826   0   1.0   
0.028581436079   0.1   0   0.0018190086402910413   0   1.0   
0.266318158757   0.4   0   0.007276034561164165   0   1.0   
0.0462292421796   0.2   0   0.004092769440654843   0   1.0   
0.749181328026   0.3   0   0.01409731696225557   1   1.0   
0.128170269   0.1   0   0.002728512960436562   0   1.0   
0.196832947434   0.2   0   0.0031832651205093224   0   1.0   
0.43059858122   0.3   0   0.0031832651205093224   1   1.0   
0.270706418766   0.3   0   0.0068212824010914054   0   1.0   
0.265824610716   0.3   0   0.004092769440654843   0   1.0   
0.570885872245   0.4   0   0.007730786721236926   0   1.0   
0.0674501031784   0.2   0   0.004092769440654843   0   1.0   
0.271195234329   0.2   0   0.005457025920873124   0   1.0   
0.433908096524   0.3   0   0.004547521600727604   1   1.0   
0.0286863410311   0.1   0   0.0018190086402910413   0   1.0   
0.283909248379   0.3   0   0.008185538881309686   1   1.0   
0.449001194809   0.3   0   0.005911778080945885   0   1.0   
0.272851191486   0.3   0   0.005911778080945885   0   1.0   
0.435615597854   0.3   0   0.005457025920873124   0   1.0   
0.439273009856   0.3   0   0.0050022737608003635   0   1.0   
0.0287514989732   0.0   0   0.004547521600727604   0   1.0   
0.551501752579   0.6   0   0.009095043201455207   2   1.0   
0.0581324265641   0.0   0   0.007276034561164165   0   1.0   
0.277673358368   0.2   0   0.006366530241018645   0   1.0   
0.325251734559   0.2   0   0.009095043201455207   0   1.0   
0.2906673628   0.3   0   0.0050022737608003635   0   1.0   
0.0183489837579   0.0   0   0.0031832651205093224   1   1.0   
0.534319608   0.2   0   0.008640291041382447   0   1.0   
0.251939471022   0.2   0   0.0031832651205093224   0   1.0   
0.0797456947923   0.2   0   0.006366530241018645   0   1.0   
0.128986553456   0.1   0   0.002728512960436562   0   1.0   
0.389868272876   0.2   0   0.0050022737608003635   1   1.0   
0.253578641674   0.2   0   0.0031832651205093224   1   1.0   
0.265546741249   0.3   0   0.006366530241018645   2   1.0   
0.00763564524845   0.1   0   0.0009095043201455207   0   1.0   
0.259418844235   0.2   0   0.0036380172805820826   0   1.0   
0.301134969945   0.3   0   0.005911778080945885   2   1.0   
0.287346996948   0.3   0   0.0036380172805820826   0   1.0   
0.251382139942   0.2   0   0.002273760800363802   0   1.0   
0.258400688223   0.2   0   0.0050022737608003635   2   1.0   
0.00540753257601   0.0   0   0.0009095043201455207   0   1.0   
0.302223694488   0.3   0   0.005457025920873124   0   1.0   
0.275266243033   0.2   0   0.006366530241018645   0   1.0   
0.370657710706   0.2   0   0.0036380172805820826   0   1.0   
0.00465349955297   0.0   0   0.0009095043201455207   0   1.0   
0.254573495463   0.2   0   0.002728512960436562   0   1.0   
0.145008721506   0.2   0   0.004092769440654843   0   1.0   
0.291670400491   0.3   0   0.010004547521600727   2   1.0   
0.00497037392181   0.0   0   0.0018190086402910413   2   1.0   
0.254915721567   0.2   0   0.0036380172805820826   0   1.0   
0.0332633507666   0.0   0   0.0068212824010914054   1   1.0   
0.0479638256779   0.0   0   0.009549795361527967   0   1.0   
0.441642496652   0.3   0   0.004092769440654843   0   1.0   
0.193254835336   0.2   0   0.0031832651205093224   1   1.0   
0.0123988290478   0.0   0   0.002728512960436562   0   1.0   
0.0357750829497   0.0   0   0.006366530241018645   2   1.0   
0.228259971611   0.3   0   0.010914051841746248   1   1.0   
0.0123232818926   0.0   0   0.0031832651205093224   2   1.0   
0.00732338408553   0.0   0   0.0018190086402910413   0   1.0   
0.00537306447482   0.0   0   0.001364256480218281   0   1.0   
0.0278035698132   0.0   0   0.005911778080945885   0   1.0   
0.210646460719   0.2   0   0.007276034561164165   0   1.0   
0.42785136801   0.2   0   0.005457025920873124   0   1.0   
0.20187980198   0.2   0   0.002728512960436562   0   1.0   
0.1281288384   0.1   0   0.0036380172805820826   0   1.0   
0.00166435044847   0.0   0   0.00045475216007276033   0   1.0   
0.00292582112347   0.0   0   0.0009095043201455207   0   1.0   
0.00811227436973   0.0   0   0.002273760800363802   0   1.0   
0.181933520317   0.2   0   0.001364256480218281   0   1.0   
0.0128380758187   0.1   0   0.002273760800363802   0   1.0   
0.00860186981467   0.0   0   0.0018190086402910413   0   1.0   
0.213256241296   0.2   0   0.0068212824010914054   2   1.0   
0.149367509189   0.3   0   0.010004547521600727   1   1.0   
0.0598447686466   0.1   0   0.0009095043201455207   0   1.0   
0.020141975212   0.0   0   0.001364256480218281   0   1.0   
0.0173269945464   0.0   0   0.002728512960436562   0   1.0   
0.168788391029   0.2   0   0.001364256480218281   0   1.0   
0.00825755003988   0.0   0   0.001364256480218281   0   1.0   
0.00778824736457   0.0   0   0.0018190086402910413   0   1.0   
0.00192418326746   0.0   0   0.00045475216007276033   0   1.0   
0.171296833025   0.2   0   0.001364256480218281   0   1.0   
0.00686577962899   0.0   0   0.001364256480218281   0   1.0   
0.00408127294591   0.0   0   0.001364256480218281   0   1.0   
0.353823674791   0.3   0   0.004092769440654843   0   1.0   
0.00762411913671   0.0   0   0.0018190086402910413   0   1.0   
0.00433110780929   0.0   0   0.0009095043201455207   0   1.0   
0.00395222488339   0.0   0   0.0009095043201455207   0   1.0   
0.177329598823   0.2   0   0.0031832651205093224   0   1.0   
0.00746279091124   0.0   0   0.001364256480218281   0   1.0   
0.00782138649745   0.0   0   0.0009095043201455207   0   1.0   
0.0275783387577   0.0   0   0.0050022737608003635   0   1.0   
0.204088586008   0.2   0   0.005911778080945885   0   1.0   
0.191644559947   0.2   0   0.005911778080945885   0   1.0   
0.544595156565   0.3   0   0.008185538881309686   0   1.0   
0.169901922342   0.2   0   0.002273760800363802   0   1.0   
0.295028280333   0.2   0   0.004092769440654843   0   1.0   
0.296025795184   0.2   0   0.0036380172805820826   0   1.0   
0.178694844497   0.2   0   0.0031832651205093224   0   1.0   
0.0725112476182   0.1   0   0.0009095043201455207   0   1.0   
0.178168260994   0.2   0   0.0031832651205093224   0   1.0   
0.000871599529884   0.0   0   0.00045475216007276033   0   1.0   
0.0640422020989   0.0   0   0.007276034561164165   0   1.0   
0.187052123146   0.2   0   0.004092769440654843   0   1.0   
0.146825416325   0.2   0   0.005457025920873124   0   1.0   
0.13859710142   0.1   0   0.0036380172805820826   0   1.0   
0.172200535439   0.2   0   0.002273760800363802   0   1.0   
0.0233227526829   0.0   0   0.0031832651205093224   0   1.0   
0.0598447686466   0.1   0   0.0009095043201455207   0   1.0   
0.176748430571   0.2   0   0.002728512960436562   0   1.0   
0.0056779565735   0.0   0   0.0009095043201455207   0   1.0   
0.11811639682   0.1   0   0.001364256480218281   0   1.0   
0.303797993693   0.3   0   0.009095043201455207   1   1.0   
0.109929517352   0.1   0   0.004092769440654843   0   1.0   
0.247079030041   0.2   0   0.0018190086402910413   0   1.0   
0.00473509190705   0.0   0   0.0009095043201455207   0   1.0   
0.0411612418999   0.0   0   0.0050022737608003635   0   1.0   
0.293658706647   0.3   0   0.0031832651205093224   0   1.0   
0.263415640125   0.2   0   0.006366530241018645   0   1.0   
0.00329263010627   0.0   0   0.0009095043201455207   0   1.0   
0.319198635687   0.3   0   0.007276034561164165   0   1.0   
0.245522681642   0.2   0   0.0018190086402910413   0   1.0   
0.259944261559   0.2   0   0.004547521600727604   2   1.0   
0.127030376614   0.1   0   0.001364256480218281   0   1.0   
0.472027239752   0.4   0   0.006366530241018645   0   1.0   
0.381989656012   0.2   0   0.0050022737608003635   1   1.0   
0.388933987639   0.2   0   0.005911778080945885   0   1.0   
0.26494708197   0.2   0   0.005911778080945885   0   1.0   
0.00839951479132   0.0   0   0.001364256480218281   0   1.0   
0.560896719192   0.3   0   0.005457025920873124   0   1.0   
0.282837829016   0.2   0   0.007276034561164165   0   1.0   
0.172136865484   0.2   0   0.0050022737608003635   0   1.0   
0.00394866278727   0.0   0   0.001364256480218281   0   1.0   
0   0.0   0   0.0   0   1.0   
0.753022488181   0.2   0   0.007730786721236926   0   1.0   
0   0.0   0   0.0   0   1.0   
0.246997742707   0.2   0   0.001364256480218281   0   1.0   
0.127783385446   0.1   0   0.002273760800363802   0   1.0   
0.248592932079   0.2   0   0.002273760800363802   0   1.0   
0.00167890715958   0.0   0   0.00045475216007276033   0   1.0   
0.246840494246   0.2   0   0.002273760800363802   0   1.0   
0.298515211475   0.3   0   0.008640291041382447   0   1.0   
0.250290300903   0.2   0   0.002728512960436562   0   1.0   
0.287400260348   0.2   0   0.006366530241018645   0   1.0   
0.426366725553   0.3   0   0.0068212824010914054   0   1.0   
0.521059736607   0.3   0   0.01273306048203729   0   1.0   
0.157560434814   0.3   0   0.0050022737608003635   0   1.0   
0.521845886354   0.4   0   0.008640291041382447   0   1.0   
0.0435580560413   0.2   0   0.0031832651205093224   0   1.0   
0.0513680634771   0.1   0   0.005457025920873124   0   1.0   
0.341675915683   0.2   0   0.01455206912232833   0   1.6837634587578276   
0.277867175529   0.2   0   0.005911778080945885   0   1.6837634587578276   
0.00994590953402   0.1   0   0.002728512960436562   0   1.6837634587578276   
0.282017395034   0.2   0   0.009095043201455207   0   1.6837634587578276   
0.0355946494957   0.1   0   0.0018190086402910413   0   1.6837634587578276   
0.262094261783   0.3   0   0.005911778080945885   0   1.6837634587578276   
0.274967555409   0.2   0   0.005911778080945885   0   1.6837634587578276   
0.307302315637   0.1   0   0.005457025920873124   0   1.6837634587578276   
0.0381737518786   0.0   0   0.0068212824010914054   2   1.6837634587578276   
0.289895557266   0.3   0   0.0050022737608003635   0   1.6837634587578276   
0.316193250998   0.3   0   0.010004547521600727   0   1.6837634587578276   
0.149281291878   0.1   0   0.001364256480218281   0   1.6837634587578276   
0.00129027752747   0.0   0   0.00045475216007276033   0   1.6837634587578276   
0.124558971269   0.1   0   0.002273760800363802   0   1.6837634587578276   
0.0286135698869   0.0   0   0.0031832651205093224   0   1.6837634587578276   
0.0239092700577   0.0   0   0.002728512960436562   0   1.6837634587578276   
0.273343646252   0.2   0   0.0068212824010914054   0   1.6837634587578276   
0.193724509748   0.1   0   0.008640291041382447   0   1.6837634587578276   
0.0363833940005   0.2   0   0.0031832651205093224   0   1.6837634587578276   
0.0196798444946   0.0   0   0.002273760800363802   0   1.6837634587578276   
0.00932966894446   0.0   0   0.001364256480218281   0   1.6837634587578276   
0.118664099174   0.1   0   0.0018190086402910413   0   1.6837634587578276   
0.0331922679752   0.0   0   0.0036380172805820826   0   1.6837634587578276   
0.123658309936   0.1   0   0.002728512960436562   0   1.6837634587578276   
0.00130096940706   0.0   0   0.00045475216007276033   0   1.6837634587578276   
0   0.0   0   0.0   0   1.6837634587578276   
0.00582369280764   0.0   0   0.00045475216007276033   0   1.6837634587578276   
0.0110747028367   0.0   0   0.001364256480218281   0   1.6837634587578276   
0.20348635668   0.2   0   0.008185538881309686   0   1.6837634587578276   
0.371093268806   0.2   0   0.010459299681673489   0   1.6837634587578276   
0.149933418225   0.1   0   0.004547521600727604   0   1.6837634587578276   
0.196616286649   0.2   0   0.0050022737608003635   0   1.6837634587578276   
0.155210707417   0.2   0   0.002728512960436562   0   1.6837634587578276   
0.291984492482   0.3   0   0.005911778080945885   0   1.6837634587578276   
0.430944567289   0.3   0   0.006366530241018645   0   1.6837634587578276   
0.306108732503   0.2   0   0.006366530241018645   0   1.6837634587578276   
0.346351682119   0.3   0   0.008185538881309686   0   1.6837634587578276   
0.0275457264917   0.2   0   0.002273760800363802   0   1.6837634587578276   
0.00229477983757   0.0   0   0.00045475216007276033   0   1.6837634587578276   
0.107874083818   0.2   0   0.002728512960436562   0   1.6837634587578276   
0.601409407252   0.5   0   0.0050022737608003635   0   1.6837634587578276   
0.556691234154   0.4   0   0.0068212824010914054   0   1.6837634587578276   
0.416684419212   0.5   0   0.0036380172805820826   0   1.6837634587578276   
0.259282843272   0.2   0   0.004092769440654843   0   1.6837634587578276   
0.595460725283   0.4   0   0.008185538881309686   0   1.6837634587578276   
0.402958734934   0.3   0   0.004092769440654843   0   1.6837634587578276   
0.0291927945606   0.0   0   0.0031832651205093224   0   1.6837634587578276   
0.0114192648419   0.0   0   0.002273760800363802   0   1.6837634587578276   
0.194012476947   0.4   0   0.004547521600727604   0   1.6837634587578276   
0.264195580808   0.2   0   0.004547521600727604   0   1.6837634587578276   
0.411817957383   0.3   0   0.0050022737608003635   0   1.6837634587578276   
0.406046863732   0.3   0   0.006366530241018645   0   1.6837634587578276   
0.156337210419   0.2   0   0.002728512960436562   0   1.6837634587578276   
0.399392462032   0.3   0   0.004092769440654843   0   1.6837634587578276   
0.170678650801   0.2   0   0.005457025920873124   0   1.6837634587578276   
0.0138153809641   0.0   0   0.002728512960436562   0   1.6837634587578276   
0.155213375098   0.2   0   0.001364256480218281   0   1.6837634587578276   
0.244728796889   0.2   0   0.001364256480218281   0   1.6837634587578276   
0.161415955499   0.2   0   0.0031832651205093224   0   1.6837634587578276   
0.0041685634838   0.0   0   0.0009095043201455207   0   1.6837634587578276   
0.393946648282   0.3   0   0.002728512960436562   0   1.6837634587578276   
0.292709639121   0.2   0   0.008185538881309686   1   1.6837634587578276   
0.0433004084537   0.1   0   0.001364256480218281   0   1.6837634587578276   
0.785193598737   0.2   0   0.010459299681673489   0   1.6837634587578276   
0.0075327429076   0.0   0   0.001364256480218281   0   1.6837634587578276   
0.257996000287   0.1   0   0.004092769440654843   0   1.6837634587578276   
0.371209773695   0.2   0   0.004092769440654843   0   1.6837634587578276   
0.135521636576   0.1   0   0.0036380172805820826   0   1.6837634587578276   
0.00868347848511   0.0   0   0.0018190086402910413   0   1.6837634587578276   
0.25955594771   0.1   0   0.004547521600727604   0   1.6837634587578276   
0.127044591096   0.1   0   0.0018190086402910413   0   1.6837634587578276   
0.13980316015   0.1   0   0.001364256480218281   0   1.6837634587578276   
0.038528019811   0.0   0   0.0036380172805820826   0   1.6837634587578276   
0.135140452832   0.1   0   0.002273760800363802   0   1.6837634587578276   
0.133659201719   0.1   0   0.0031832651205093224   0   1.6837634587578276   
0.00125003248985   0.0   0   0.00045475216007276033   0   1.6837634587578276   
0.310172052191   0.3   0   0.006366530241018645   0   1.6837634587578276   
0.378931890936   0.1   0   0.0050022737608003635   0   1.6837634587578276   
0.13410895571   0.1   0   0.002273760800363802   0   1.6837634587578276   
0.247974916087   0.1   0   0.0036380172805820826   0   1.6837634587578276   
0.367324155655   0.2   0   0.002728512960436562   0   1.6837634587578276   
0.00587392733676   0.0   0   0.0009095043201455207   0   1.6837634587578276   
0.0163802014947   0.0   0   0.0018190086402910413   0   1.6837634587578276   
0.131497088689   0.1   0   0.002728512960436562   0   1.6837634587578276   
0.161050683512   0.1   0   0.004547521600727604   0   1.6837634587578276   
0.305270129266   0.2   0   0.007276034561164165   1   1.6837634587578276   
0.276468246998   0.2   0   0.0068212824010914054   2   1.6837634587578276   
0.010099661325   0.0   0   0.002273760800363802   0   1.6837634587578276   
0.313125089556   0.1   0   0.008640291041382447   0   1.6837634587578276   
0.248726264863   0.2   0   0.002273760800363802   0   1.6837634587578276   
0.0193282980333   0.0   0   0.0018190086402910413   0   1.6837634587578276   
0.366948343438   0.2   0   0.002728512960436562   0   1.6837634587578276   
0.24445405051   0.2   0   0.0018190086402910413   0   1.6837634587578276   
0.00564386362949   0.0   0   0.0009095043201455207   0   1.6837634587578276   
0   0.0   0   0.0   0   1.6837634587578276   
0   0.0   0   0.0   0   1.6837634587578276   
0   0.0   0   0.0   0   1.6837634587578276   
0.249068111988   0.2   0   0.002728512960436562   0   1.6837634587578276   
0.00740266709261   0.0   0   0.001364256480218281   0   1.6837634587578276   
0.0151308073906   0.0   0   0.0036380172805820826   1   1.6837634587578276   
0.179148060632   0.1   0   0.009549795361527967   0   1.6837634587578276   
0.121886946408   0.1   0   0.002728512960436562   0   1.6837634587578276   
0.00148737584293   0.0   0   0.00045475216007276033   0   1.6837634587578276   
0.264878046813   0.3   0   0.002728512960436562   0   1.6837634587578276   
0.0151807277844   0.0   0   0.0018190086402910413   1   1.6837634587578276   
0.0292262130001   0.1   0   0.0036380172805820826   0   1.6837634587578276   
0.263743869873   0.2   0   0.004547521600727604   0   1.6837634587578276   
0.280644529554   0.2   0   0.0050022737608003635   0   1.6837634587578276   
0.293695420494   0.2   0   0.010459299681673489   3   1.6837634587578276   
0.259676609855   0.2   0   0.004092769440654843   0   1.6837634587578276   
0.149001370096   0.1   0   0.004092769440654843   0   1.6837634587578276   
0.246565136712   0.2   0   0.002273760800363802   0   1.6837634587578276   
0.129045940637   0.1   0   0.001364256480218281   0   1.6837634587578276   
0.00333521096669   0.0   0   0.0009095043201455207   0   1.6837634587578276   
0.011598083992   0.0   0   0.0018190086402910413   0   1.6837634587578276   
0.00252276308173   0.0   0   0.0009095043201455207   0   1.6837634587578276   
0.00698747645401   0.0   0   0.001364256480218281   0   1.6837634587578276   
0.266743149382   0.2   0   0.004092769440654843   0   1.6837634587578276   
0.129872184346   0.1   0   0.0018190086402910413   0   1.6837634587578276   
0.0118258930504   0.0   0   0.002273760800363802   0   1.6837634587578276   
0.00977897368947   0.0   0   0.001364256480218281   1   1.6837634587578276   
0.245794145784   0.2   0   0.002273760800363802   0   1.6837634587578276   
0.0343543625972   0.0   0   0.006366530241018645   0   1.6837634587578276   
0.262104313919   0.2   0   0.004092769440654843   0   1.6837634587578276   
0.401769061298   0.2   0   0.0050022737608003635   0   1.6837634587578276   
0.0118367196447   0.0   0   0.0031832651205093224   0   1.6837634587578276   
0.0767473054609   0.2   0   0.008640291041382447   3   1.6837634587578276   
0.137418187799   0.3   0   0.0068212824010914054   2   1.6837634587578276   
0.022372733621   0.0   0   0.002273760800363802   0   1.6837634587578276   
0.184832113721   0.2   0   0.0031832651205093224   0   1.6837634587578276   
0.0785996397   0.2   0   0.005457025920873124   1   1.6837634587578276   
0.105166661594   0.3   0   0.004092769440654843   0   1.6837634587578276   
0.0405335427092   0.0   0   0.0031832651205093224   1   1.6837634587578276   
0.0174229018434   0.0   0   0.002273760800363802   0   1.6837634587578276   
0.0158048592362   0.0   0   0.002273760800363802   1   1.6837634587578276   
0.0846070515271   0.1   0   0.0031832651205093224   1   1.6837634587578276   
0.222771826666   0.4   0   0.007276034561164165   1   1.6837634587578276   
0.0856624093514   0.1   0   0.0068212824010914054   2   1.6837634587578276   
0.166452392083   0.1   0   0.0050022737608003635   2   1.6837634587578276   
0.0818278390962   0.3   0   0.004092769440654843   1   1.6837634587578276   
0.023345808386   0.0   0   0.0031832651205093224   1   1.6837634587578276   
0.0416673395944   0.1   0   0.0031832651205093224   1   1.6837634587578276   
0.179272729992   0.1   0   0.0050022737608003635   2   1.6837634587578276   
0.0721441230932   0.1   0   0.0031832651205093224   1   1.6837634587578276   
0.0275648258836   0.0   0   0.004092769440654843   1   1.6837634587578276   
0.150580393211   0.1   0   0.0031832651205093224   2   1.6837634587578276   
1.75825274867   0.5   0   0.07821737153251478   0   1.964125046867426   
0.0132192914769   0.0   0   0.0036380172805820826   0   1.964125046867426   
0.430176989633   0.4   0   0.004547521600727604   0   1.964125046867426   
0.187643997919   0.2   0   0.0031832651205093224   0   1.964125046867426   
0.213258463256   0.3   0   0.006366530241018645   0   1.964125046867426   
0.271842006126   0.2   0   0.006366530241018645   0   1.964125046867426   
0.0282338749132   0.0   0   0.005457025920873124   0   1.964125046867426   
0.279363479431   0.2   0   0.009549795361527967   0   1.964125046867426   
0.30710626231   0.4   0   0.004092769440654843   0   1.964125046867426   
0.0395893056288   0.0   0   0.002728512960436562   0   1.964125046867426   
0.752373324663   0.5   0   0.011368804001819008   0   1.964125046867426   
0.414719088531   0.2   0   0.005911778080945885   0   1.964125046867426   
0.435998094741   0.5   0   0.007730786721236926   0   1.964125046867426   
0.147627626785   0.1   0   0.005457025920873124   0   1.964125046867426   
0.0174864892661   0.0   0   0.004092769440654843   0   1.964125046867426   
0.270596641531   0.2   0   0.004547521600727604   0   1.964125046867426   
0.468997150629   0.3   0   0.007276034561164165   0   1.964125046867426   
0.264634818143   0.2   0   0.005457025920873124   0   1.964125046867426   
0   0.0   0   0.0   0   1.964125046867426   
0   0.0   0   0.0   0   1.964125046867426   
0.0830016708665   0.1   0   0.002728512960436562   0   1.964125046867426   
0.292327685294   0.1   0   0.0068212824010914054   0   1.964125046867426   
0.00577757496786   0.0   1   0.001364256480218281   0   0   
