0.288006898892   0.3   1   0.010914051841746248   0   1.0   
0.232877661349   0.4   0   0.009549795361527967   0   1.4493585171364585   
0.0947813927256   0.1   0   0.004092769440654843   2   1.4493585171364585   
0.0637511076875   0.3   0   0.0031832651205093224   0   1.8367875300210112   
0.232859236371   0.4   0   0.008185538881309686   0   2.400863604838778   
0.181087076225   0.2   0   0.005457025920873124   1   2.400863604838778   
0.151547603225   0.2   0   0.0050022737608003635   0   3.1985876400562434   
0.148148062805   0.2   0   0.0068212824010914054   0   3.1985876400562434   
0.0423302338857   0.0   0   0.002728512960436562   0   3.1985876400562434   
0.265919966669   0.5   0   0.010459299681673489   0   3.3191729880444045   
0.147138026926   0.2   0   0.005457025920873124   0   3.5960604501416737   
0.112438413952   0.1   0   0.005911778080945885   0   3.5960604501416737   
0.110915151386   0.2   0   0.0050022737608003635   0   4.46365901671914   
0.092500916003   0.0   0   0.008640291041382447   0   4.903754700095284   
0.0981482844492   0.2   0   0.001364256480218281   0   5.427570196707408   
0.0989925585674   0.2   0   0.006366530241018645   0   5.659025221650546   
0.187086961966   0.2   0   0.005911778080945885   0   5.882632019400525   
0.266687170699   0.4   0   0.010004547521600727   0   6.436543728807522   
0.301154860926   0.3   0   0.01273306048203729   1   6.927533981838505   
0.281446797475   0.3   0   0.01637107776261937   0   7.489485468787521   
0.14020366311   0.2   0   0.005457025920873124   0   7.989485468787522   
0.189626852994   0.3   0   0.005457025920873124   0   8.989485468787521   
0.0141219887655   0.0   0   0.0009095043201455207   0   8.989485468787521   
0.19417686216   0.3   0   0.008185538881309686   0   9.397733759251384   
0.219680705116   0.3   0   0.007730786721236926   0   10.02785979706399   
0.0703618564995   0.1   0   0.004547521600727604   0   10.27785979706399   
0.0857339027109   0.1   0   0.0031832651205093224   0   10.27785979706399   
0.205765423552   0.5   0   0.0068212824010914054   2   10.948680190313928   
0.15566704833   0.3   0   0.005457025920873124   0   11.198680190313928   
0.23731477865   0.3   0   0.008640291041382447   2   11.198680190313928   
0.349051200189   0.3   0   0.01409731696225557   5   11.198680190313928   
0.165397379544   0.1   0   0.008640291041382447   0   11.198680190313928   
0.207192483196   0.2   0   0.007276034561164165   0   11.198680190313928   
0.220030923064   0.2   0   0.008640291041382447   0   11.198680190313928   
0.122413691268   0.2   0   0.005911778080945885   0   11.198680190313928   
0.215561017958   0.6   0   0.007730786721236926   0   11.618764215522331   
0.19993925219   0.1   0   0.010459299681673489   2   11.799342995150985   
0.142145747059   0.3   0   0.008185538881309686   0   12.207591285614848   
0.301736987615   0.2   0   0.01409731696225557   2   12.363134039824413   
0.144414436924   0.0   0   0.010004547521600727   1   12.363134039824413   
0.305015900393   0.2   0   0.009549795361527967   0   12.363134039824413   
0.330103290731   0.3   0   0.01182355616189177   0   12.66932025767231   
0.249868105693   0.3   0   0.007730786721236926   1   12.66932025767231   
0.35587098735   0.5   0   0.010004547521600727   1   13.160310510703292   
0.162955056717   0.2   0   0.010459299681673489   1   13.506720672217067   
0.244740228431   0.5   0   0.011368804001819008   0   14.372746076001507   
0.174188661205   0.5   0   0.004547521600727604   0   15.194329912259256   
0.195290808047   0.3   0   0.01318781264211005   0   15.515963672710594   
0.214216713199   0.4   0   0.007276034561164165   0   16.12833610840639   
0.281202949882   0.4   0   0.007730786721236926   0   16.525695815525903   
0.0754868205126   0.1   0   0.004092769440654843   0   16.814370950120715   
0.189064753891   0.3   0   0.006366530241018645   0   17.247383652012935   
0.0826980606396   0.1   0   0.005457025920873124   0   17.747383652012935   
0.0994182839003   0.2   0   0.0068212824010914054   0   18.194597247512895   
0.0797611363908   0.0   0   0.007730786721236926   0   18.194597247512895   
0.0842753465183   0.1   0   0.005911778080945885   0   18.194597247512895   
0.324839561947   0.4   0   0.010914051841746248   0   18.194597247512895   
0.231754624754   0.2   0   0.008185538881309686   1   18.194597247512895   
0.0352895542821   0.1   0   0.0018190086402910413   0   18.627609949405112   
0.0955423763921   0.0   0   0.0050022737608003635   0   18.627609949405112   
0.0496710480558   0.0   0   0.002728512960436562   0   18.627609949405112   
0.326298362622   0.4   0   0.015006821282401092   0   19.054731047493735   
0.239780816674   0.3   0   0.011368804001819008   4   19.697998568396414   
0.125228170856   0.0   0   0.007276034561164165   2   20.131011270288635   
0.254888861675   0.5   1   0.009549795361527967   0   6.072538043944972   
0.0842753465183   0.1   0   0.005911778080945885   0   6.072538043944972   
0.212544668993   0.4   0   0.011368804001819008   0   6.116181621992171   
0.266945190382   0.3   0   0.009549795361527967   0   6.116181621992171   
0.231754624754   0.2   0   0.008185538881309686   1   6.116181621992171   
0.0352895542821   0.1   0   0.0018190086402910413   0   6.225290567110167   
0.0993967872004   0.0   0   0.0050022737608003635   0   6.225290567110167   
0.0496710480558   0.0   0   0.002728512960436562   0   6.225290567110167   
0.362720150844   0.6   0   0.010459299681673489   0   6.361795293668154   
0.199892926171   0.3   0   0.008185538881309686   4   6.547892135747848   
0.125228170856   0.0   0   0.007276034561164165   2   6.657001080865844   
0.254888861675   0.5   1   0.009549795361527967   0   0   
