0.288929975321   0.3   1   0.010004547521600727   0   1.0   
0.198593427516   0.2   0   0.005911778080945885   0   1.7805323627055891   
0.102195347465   0.2   0   0.0050022737608003635   0   1.7805323627055891   
0.0857038943128   0.1   0   0.006366530241018645   1   2.0312456309167928   
0.0421869887506   0.0   0   0.002728512960436562   0   2.0312456309167928   
0.305860720494   0.6   0   0.010004547521600727   0   3.0312456309167923   
0.24045596807   0.3   0   0.005911778080945885   0   3.8117779936223815   
0.0587832639605   0.1   0   0.0050022737608003635   0   4.094620706097   
0.218355084209   0.3   0   0.005911778080945885   0   4.147559974505345   
0.292948279447   0.4   0   0.007276034561164165   0   5.048947793371343   
0.223901813432   0.4   0   0.007276034561164165   0   5.000931902448602   
0.0193216604992   0.0   0   0.0009095043201455207   0   5.000931902448602   
0.0227567336872   0.0   0   0.0009095043201455207   0   5.000931902448602   
0.220570781714   0.3   0   0.007730786721236926   2   5.278115473918697   
0.192282631587   0.3   0   0.007276034561164165   0   5.706686902490125   
0.155060154263   0.2   0   0.005911778080945885   0   5.86517267284019   
0.290838140762   0.3   0   0.008640291041382447   0   6.48865235922874   
0.103694015831   0.1   0   0.007730786721236926   0   6.627244144963788   
0.0788195854657   0.1   0   0.006366530241018645   0   6.77996485462803   
0.226189025856   0.3   0   0.005911778080945885   0   6.744088649653803   
0.0404396937611   0.0   0   0.0036380172805820826   0   6.915251948874168   
0.0180676558321   0.0   0   0.001364256480218281   0   6.915251948874168   
0.226791323925   0.4   0   0.004092769440654843   0   7.722123479334047   
0.0532075059569   0.1   0   0.002728512960436562   0   7.919765833094571   
0.107060533424   0.1   0   0.0068212824010914054   1   7.919765833094571   
0.0581500640357   0.1   0   0.0031832651205093224   0   7.919765833094571   
0.0661923900425   0.1   0   0.0036380172805820826   0   7.919765833094571   
0.118929013416   0.2   0   0.002273760800363802   0   8.35277853498679   
0.146503339524   0.2   0   0.008185538881309686   0   8.69510513342752   
0.204033655417   0.2   0   0.0068212824010914054   0   9.195105133427518   
0.249801206988   0.3   0   0.0068212824010914054   0   9.570105133427518   
0.0388811979968   0.0   0   0.002273760800363802   0   9.570105133427518   
0   0.0   0   0.0   0   9.570105133427518   
0   0.0   0   0.0   0   9.570105133427518   
0.0119463937326   0.0   0   0.0018190086402910413   0   9.570105133427518   
0.256936091599   0.3   0   0.005457025920873124   0   10.087654302934284   
0.356958697567   0.4   0   0.009549795361527967   0   10.404587148457477   
0.1245481989   0.2   0   0.0068212824010914054   0   10.529587148457477   
0.066731744759   0.0   0   0.0050022737608003635   0   10.529587148457477   
0.19909780071   0.2   0   0.004547521600727604   0   10.988866475229322   
0.0514078997195   0.1   0   0.0036380172805820826   0   10.988866475229322   
0.177486551625   0.3   0   0.009095043201455207   0   11.401727887151708   
0.0788637391572   0.0   0   0.0036380172805820826   0   11.401727887151708   
0.235388292643   0.3   0   0.009095043201455207   0   12.227450710996477   
0.214220224836   0.2   0   0.0050022737608003635   0   12.665356367087334   
0.0473271299995   0.1   0   0.0031832651205093224   0   13.031318894443034   
0.219372708865   0.3   0   0.005457025920873124   0   13.450581640224243   
0.171071875658   0.2   0   0.011368804001819008   0   13.54740622387943   
0.232798555742   0.4   0   0.0036380172805820826   0   14.232059420760887   
0.072760204384   0.1   0   0.0031832651205093224   0   14.232059420760887   
0.0706830330123   0.1   0   0.0031832651205093224   0   14.415040684438738   
0.19215175821   0.2   0   0.007730786721236926   0   14.649874793595668   
0.0237620601366   0.0   0   0.00045475216007276033   0   14.649874793595668   
0.253594677837   0.4   0   0.005911778080945885   0   15.149874793595668   
0.351269090767   0.6   0   0.009549795361527967   1   15.783740484642056   
0.251651020414   0.3   0   0.0068212824010914054   0   16.370825757534384   
0.221298352047   0.2   0   0.006366530241018645   0   16.758987634664457   
0.360850628645   0.6   0   0.01227830832196453   0   17.59751312622688   
0.242652865475   0.4   0   0.010004547521600727   0   17.893976656867665   
0.25875609747   0.5   0   0.005457025920873124   0   18.59274789983635   
0.178558726591   0.4   0   0.009095043201455207   0   18.701001075309403   
0.291969313687   0.4   0   0.007276034561164165   0   19.30615472315431   
0.0121659618357   0.0   0   0.0009095043201455207   0   19.30615472315431   
0.236281456969   0.3   0   0.0068212824010914054   0   19.806154723154314   
0.12953387247   0.1   0   0.007276034561164165   0   19.806154723154314   
0.0140849863755   0.0   0   0.0009095043201455207   0   19.806154723154314   
0.18503916826   0.2   0   0.004092769440654843   1   20.29027764143024   
0.0603385982106   0.0   0   0.004092769440654843   0   20.451651947522215   
0.0333280771595   0.1   0   0.0018190086402910413   0   20.451651947522215   
0.259777838535   0.3   0   0.007730786721236926   0   20.92132016583608   
0.151280438066   0.3   0   0.007276034561164165   1   21.163381624974043   
0.290802939587   0.4   0   0.010004547521600727   0   21.47302768391583   
0.236903070735   0.3   0   0.006366530241018645   0   21.861189561045904   
0.00433393919543   0.0   0   0.00045475216007276033   0   21.861189561045904   
0.308881510638   0.2   0   0.01227830832196453   0   22.130887668131432   
0.193951114667   0.2   0   0.005457025920873124   0   22.550150413912647   
0.103305304924   0.2   0   0.0068212824010914054   0   22.675150413912647   
0.282669272283   0.4   0   0.008640291041382447   0   23.119412072231967   
0.0390083859236   0.0   0   0.0036380172805820826   1   23.29057537145233   
0.226038609563   0.2   0   0.005911778080945885   0   23.69338998809951   
0.0904545915159   0.0   0   0.007730786721236926   0   23.69338998809951   
0.245859760069   0.5   0   0.010914051841746248   1   23.989853518740297   
0.123248660451   0.2   0   0.008640291041382447   0   24.0908001253762   
0.0276020127309   0.0   0   0.0031832651205093224   0   24.0908001253762   
0.0215976553415   0.1   0   0.0009095043201455207   0   24.433126723816933   
0.254735982735   0.2   0   0.009095043201455207   0   24.757886250236098   
0.217766068526   0.3   0   0.006366530241018645   0   25.242009168512023   
0   0.0   0   0.0   0   25.242009168512023   
0   0.0   0   0.0   0   25.242009168512023   
0.0220237011087   0.0   0   0.0018190086402910413   0   25.484070627649988   
0.208367176628   0.3   0   0.005457025920873124   0   26.18284187061867   
0.258435527893   0.4   0   0.008640291041382447   0   26.73816894351782   
0.0835805487605   0.1   0   0.0050022737608003635   0   27.030106047578393   
0.259605817902   0.3   0   0.0068212824010914054   0   27.405106047578393   
0.0992796028752   0.0   0   0.007730786721236926   1   27.405106047578393   
0.0719568186079   0.0   0   0.0050022737608003635   0   27.405106047578393   
0.0437386999947   0.0   0   0.0031832651205093224   0   27.405106047578393   
0.256080510257   0.3   0   0.007276034561164165   0   27.88922896585432   
0.11355406752   0.3   0   0.005911778080945885   0   28.2920435825015   
0.422929372052   0.6   1   0.01273306048203729   0   0   
