0.3067350177   0.3   1   0.0068212824010914054   0   0   
0.213581847982   0.2   0   0.0031832651205093224   0   1.0   
0.0244430264558   0.0   0   0.0018190086402910413   0   1.0   
0.215632726387   0.1   0   0.008640291041382447   0   1.0   
0.0746841214025   0.0   0   0.004092769440654843   0   1.0   
0.21974376826   0.3   0   0.004547521600727604   0   1.0   
0.0976059392079   0.1   0   0.004547521600727604   0   1.0   
0.326626144998   0.2   0   0.009549795361527967   0   1.0   
0.174616086375   0.1   0   0.009095043201455207   4   1.0   
0.504694128525   0.3   0   0.01318781264211005   1   1.0   
0.339040349828   0.4   0   0.009549795361527967   0   1.0   
0.12619026442   0.1   0   0.007276034561164165   2   1.0   
0.11032611176   0.1   0   0.004547521600727604   0   1.0   
0.307345810989   0.4   0   0.0068212824010914054   0   1.0   
0.32353549332   0.3   0   0.008185538881309686   1   1.0   
0.0240089921171   0.1   0   0.002273760800363802   2   1.0   
0.176437086122   0.3   0   0.0068212824010914054   2   1.0   
0.191771132847   0.2   0   0.008640291041382447   2   1.0   
0.101089737393   0.1   0   0.005911778080945885   0   1.0   
0.230849484649   0.2   0   0.005457025920873124   0   1.0   
0.109477677526   0.1   0   0.004092769440654843   0   1.0   
0.0941358231076   0.0   0   0.004092769440654843   0   1.0   
0.232566089137   0.2   0   0.009549795361527967   0   1.0   
0.179108262666   0.2   0   0.0018190086402910413   0   1.0   
0.283811126336   0.2   0   0.010914051841746248   4   1.0   
0.19641285028   0.2   0   0.007730786721236926   1   1.0   
0.0222372348651   0.0   0   0.0009095043201455207   0   1.0   
0.0735762962598   0.1   0   0.002728512960436562   0   1.4629100498862757   
0.0284768481867   0.0   0   0.0018190086402910413   0   1.4629100498862757   
0.174333199581   0.1   0   0.0068212824010914054   1   1.4629100498862757   
0.04998263281   0.0   0   0.002728512960436562   0   1.962910049886276   
0.15347889328   0.0   0   0.007276034561164165   1   1.962910049886276   
0.283042634863   0.3   0   0.005457025920873124   1   1.962910049886276   
0.25649262872   0.3   0   0.005457025920873124   1   1.962910049886276   
0.153299668138   0.2   0   0.005911778080945885   0   1.962910049886276   
0.116694773561   0.1   0   0.004092769440654843   0   1.962910049886276   
0.248543701477   0.2   0   0.011368804001819008   2   1.962910049886276   
0.188863031049   0.1   0   0.008185538881309686   4   1.962910049886276   
0.179293022972   0.3   0   0.007276034561164165   1   1.962910049886276   
0.225280025273   0.3   0   0.005911778080945885   4   1.962910049886276   
0.069841610475   0.1   0   0.0031832651205093224   1   1.962910049886276   
0.353674934897   0.3   0   0.007730786721236926   0   2.2438857933607843   
0.254940304521   0.4   0   0.0068212824010914054   2   2.2438857933607843   
0.144595678852   0.1   0   0.008185538881309686   1   2.2438857933607843   
0.0624200981952   0.1   0   0.004092769440654843   2   2.2438857933607843   
0.353983703033   0.2   0   0.010914051841746248   2   2.2438857933607843   
0.0403472429292   0.0   0   0.0018190086402910413   0   2.2438857933607843   
0.143366357692   0.1   0   0.008185538881309686   4   2.2438857933607843   
0.377655529691   0.3   0   0.01455206912232833   1   2.6412455004802973   
0.343853788073   0.2   0   0.008185538881309686   0   2.6412455004802973   
0.0537710826092   0.0   0   0.002273760800363802   0   2.6412455004802973   
0.105943168896   0.1   0   0.004547521600727604   0   3.028543835101039   
0.0441957427626   0.0   0   0.002273760800363802   0   3.576266392606205   
0.114155654001   0.0   0   0.004092769440654843   0   3.576266392606205   
0.113138218169   0.1   0   0.005457025920873124   1   3.576266392606205   
0.0822488228731   0.0   0   0.004547521600727604   1   3.576266392606205   
0.299926519699   0.2   0   0.007730786721236926   4   3.576266392606205   
0.11780361415   0.1   0   0.0050022737608003635   0   3.576266392606205   
0.235586089227   0.3   0   0.004092769440654843   0   4.314815338482202   
0.0723693790043   0.0   1   0.0036380172805820826   0   0   
