0.286961776987   0.2   1   0.0068212824010914054   0   1.0   
0.0305881784875   0.0   0   0.0009095043201455207   0   1.0   
0.386142862875   0.5   0   0.009549795361527967   1   1.8451542547285167   
0.21847836897   0.3   0   0.0068212824010914054   0   1.8451542547285167   
0.187465839249   0.1   0   0.005911778080945885   0   1.8451542547285167   
0.0204875344516   0.0   0   0.0009095043201455207   0   1.8451542547285167   
0.305752818611   0.3   0   0.009095043201455207   0   2.2781669566207357   
0.135418901799   0.2   0   0.0036380172805820826   0   2.9628201535021934   
0.218305882183   0.3   0   0.005911778080945885   0   3.4999063090317684   
0.285419720104   0.5   0   0.006366530241018645   0   4.017455478538534   
0.0998583072548   0.1   0   0.0036380172805820826   0   4.017455478538534   
0.222660883473   0.2   0   0.0068212824010914054   0   5.017455478538533   
0.11322773945   0.1   0   0.004547521600727604   0   5.017455478538533   
0.121223471752   0.1   0   0.0031832651205093224   0   4.427574617265241   
0.219041048683   0.3   0   0.0068212824010914054   0   4.427574617265241   
0.213868487031   0.3   0   0.005911778080945885   0   5.161374002970583   
0.163310727474   0.0   0   0.005457025920873124   0   5.161374002970583   
0.253799377116   0.3   0   0.0050022737608003635   0   5.959098038188049   
0.0451478763323   0.0   0   0.001364256480218281   0   5.959098038188049   
0.270520590846   0.3   0   0.008640291041382447   0   5.959098038188049   
0.215801000911   0.2   0   0.006366530241018645   0   5.959098038188049   
0.13634914996   0.1   0   0.002728512960436562   0   6.49915976305537   
0.357831330997   0.2   0   0.01182355616189177   0   6.49915976305537   
0.338840847562   0.3   0   0.009549795361527967   0   7.028310025268288   
0.113270237588   0.2   0   0.0036380172805820826   0   7.028310025268288   
0.243129733609   0.4   0   0.004547521600727604   0   6.60029147831493   
0.459582698543   0.0   0   0.015461573442473852   0   6.60029147831493   
0.19813700878   0.0   0   0.007730786721236926   0   6.60029147831493   
0.0692005850662   0.1   0   0.002273760800363802   0   6.60029147831493   
0.130398270425   0.0   0   0.0031832651205093224   0   6.60029147831493   
0.0677231684071   0.1   0   0.002273760800363802   0   6.60029147831493   
0.0664399716833   0.0   0   0.0031832651205093224   0   6.998701014759728   
0.0333707027687   0.0   0   0.0018190086402910413   0   6.998701014759728   
0.184261426354   0.3   0   0.0031832651205093224   0   6.855533376712934   
0.0627480810454   0.1   0   0.002273760800363802   0   6.855533376712934   
0.0861210694722   0.0   0   0.0036380172805820826   0   6.855533376712934   
0.311596399845   0.4   0   0.007730786721236926   0   7.711118640605931   
0.258570312483   0.3   1   0.005457025920873124   0   0   
