1.16348463814   1.0   1   0.01318781264211005   0   0   
0.271169858006   0.2   0   0.004547521600727604   0   0   
0.642310562122   0.5   0   0.009549795361527967   0   1.0   
0.793981150575   0.4   0   0.007276034561164165   0   1.0   
0.614232883242   0.5   0   0.0050022737608003635   0   1.0   
1.01807298134   1.0   0   0.010914051841746248   1   1.9797958971132712   
0.0526086678588   0.0   0   0.0009095043201455207   0   1.9797958971132712   
0.842546494032   0.7   0   0.008185538881309686   1   1.9797958971132712   
1.7143585243   0.9   0   0.020463847203274217   1   1.9797958971132712   
0.254915812012   0.2   0   0.005457025920873124   0   1.9797958971132712   
0.885901467195   0.7   0   0.008640291041382447   0   1.9797958971132712   
0.845799360744   0.5   0   0.010004547521600727   0   1.9797958971132712   
0.532384312571   0.6   0   0.007730786721236926   0   2.666246536653705   
0.317145094719   0.1   0   0.005911778080945885   0   2.666246536653705   
0.455942725131   0.3   0   0.005457025920873124   0   3.240095154630904   
0.684166628549   0.5   0   0.010459299681673489   0   3.338337262157694   
0.167054713117   0.0   1   0.0068212824010914054   0   0   
