0.293898862775   0.4   1   0.01182355616189177   1   1.0   
0.140345503506   0.2   0   0.0068212824010914054   0   1.0   
0.228446565274   0.5   0   0.004547521600727604   0   1.6201736729460423   
0.185790449622   0.3   0   0.007730786721236926   0   2.3871386617934127   
0.135927022834   0.3   0   0.006366530241018645   0   2.3871386617934127   
0.192667528573   0.2   0   0.009095043201455207   0   2.7703494132079878   
0.196947442322   0.3   0   0.0050022737608003635   0   3.4774561943945352   
0.18092477862   0.3   0   0.005457025920873124   0   4.154459394780866   
0.140153736166   0.1   0   0.008640291041382447   0   4.154459394780866   
0.260255944875   0.2   0   0.008185538881309686   1   4.707230193173432   
0.229613746458   0.4   0   0.011368804001819008   0   5.176271769155775   
0.751644163818   0.6   0   0.020918599363346977   1   3.482753083576903   
0.157910675457   0.3   0   0.005457025920873124   0   3.8074716954098995   
0.228065721046   0.2   0   0.0050022737608003635   0   4.146629224168357   
0.372056658545   0.8   0   0.01273306048203729   2   4.571785686535696   
0.218674643989   0.3   0   0.004547521600727604   0   4.896504298368693   
0.284694090235   0.4   0   0.007730786721236926   0   5.169322501406473   
0.293543225322   0.3   0   0.008185538881309686   0   5.110369045598824   
0.0740069410866   0.2   0   0.002273760800363802   0   5.110369045598824   
0.34014571431   0.4   0   0.01273306048203729   0   5.426596811615662   
0   0.0   0   0.0   0   5.426596811615662   
0   0.0   0   0.0   0   5.426596811615662   
0   0.0   0   0.0   0   5.426596811615662   
0.0364040423144   0.1   0   0.0018190086402910413   0   5.426596811615662   
0.174021114506   0.2   0   0.0036380172805820826   0   5.7428245776325   
0.173431775941   0.3   0   0.006366530241018645   0   6.220916021366257   
0.238790157998   0.2   0   0.007276034561164165   0   6.444522819116236   
0.0545997886547   0.1   0   0.004092769440654843   0   6.444522819116236   
0.0544513407762   0.0   0   0.0031832651205093224   0   6.444522819116236   
0.139296432195   0.0   0   0.0068212824010914054   0   6.444522819116236   
0.195833006529   0.2   0   0.0068212824010914054   0   6.675462926792085   
0.0252693343515   0.0   0   0.002728512960436562   0   6.675462926792085   
0.0554940286779   0.0   0   0.0036380172805820826   0   6.675462926792085   
0.258288086091   0.4   0   0.006366530241018645   0   7.631645814259601   
0.167467059718   0.1   0   0.0068212824010914054   1   8.0935260296113   
0.0675201420126   0.0   0   0.0036380172805820826   0   8.0935260296113   
0.284351963594   0.3   0   0.009549795361527967   0   8.272411467811285   
0.0830304251043   0.1   0   0.004092769440654843   0   8.272411467811285   
0.240145396687   0.5   0   0.005911778080945885   0   8.520480936989701   
0.218308409895   0.3   0   0.009549795361527967   1   8.520480936989701   
0.112097018787   0.0   0   0.008185538881309686   0   8.731299447667594   
0.0786457269048   0.0   0   0.004547521600727604   0   8.731299447667594   
0.231486949658   0.4   0   0.005911778080945885   0   8.979368916846012   
0.280947300734   0.3   0   0.007276034561164165   0   9.426582512345968   
0.133499602084   0.2   0   0.002728512960436562   0   9.791730884016081   
0.171260637595   0.0   0   0.009549795361527967   0   9.791730884016081   
0.0754290123887   0.0   0   0.005457025920873124   1   9.791730884016081   
0   0.0   0   0.0   0   9.791730884016081   
0   0.0   0   0.0   0   9.791730884016081   
0   0.0   0   0.0   0   9.791730884016081   
0.127884366718   0.0   0   0.006366530241018645   0   9.791730884016081   
0.164810388179   0.0   0   0.010914051841746248   0   9.791730884016081   
0.17674683458   0.3   0   0.0050022737608003635   0   10.061410829001376   
0.180832360878   0.2   0   0.007276034561164165   0   10.285017626751356   
0.108359721271   0.1   0   0.0031832651205093224   0   10.285017626751356   
0.210559805621   0.2   0   0.005457025920873124   0   10.543216516498518   
0.256904596088   0.3   0   0.005457025920873124   0   11.31781318574   
0.231845547331   0.1   0   0.010459299681673489   0   11.48390414544748   
0.107015959154   0.0   0   0.006366530241018645   0   11.48390414544748   
0.187964899972   0.2   0   0.004547521600727604   0   11.766746857922099   
0.0785425413823   0.0   0   0.0050022737608003635   0   12.036426802907396   
0.0473608998505   0.0   0   0.004092769440654843   0   12.036426802907396   
0.242917189108   0.1   0   0.010459299681673489   0   12.394197679307362   
0.225679864453   0.3   0   0.005911778080945885   0   12.642267148485779   
0.0434096074501   0.0   0   0.002728512960436562   0   12.642267148485779   
0.0125075742973   0.0   0   0.0009095043201455207   0   12.642267148485779   
0.463374986271   0.6   0   0.01318781264211005   3   13.576465881479608   
0.197223080632   0.2   1   0.005911778080945885   1   0   
