0.392117591177   0.2   1   0.0050022737608003635   0   1.0   
0.829932620522   0.5   0   0.005911778080945885   0   1.0   
0.11177349822   0.0   0   0.002728512960436562   0   1.0   
0.735688266329   0.5   0   0.005911778080945885   0   1.0   
0.898921707391   0.5   0   0.007276034561164165   0   1.7416198487095662   
1.02403330885   0.2   0   0.01273306048203729   0   1.7416198487095662   
0.638526329386   0.1   0   0.008640291041382447   0   1.7416198487095662   
0.581955261286   0.1   0   0.006366530241018645   0   1.7416198487095662   
0.586906511923   0.2   0   0.006366530241018645   0   1.7416198487095662   
0.802522410777   0.5   0   0.008640291041382447   2   2.465366713165312   
0.656816553066   0.4   0   0.0068212824010914054   0   2.465366713165312   
0.566834324651   0.3   0   0.006366530241018645   0   3.3517719735932303   
0.659728650275   0.2   0   0.010004547521600727   0   3.3517719735932303   
0.189968869144   0.1   0   0.004547521600727604   0   4.195789184503011   
0.575641517296   0.3   0   0.005457025920873124   1   4.195789184503011   
0.759212643171   0.1   0   0.01182355616189177   3   4.195789184503011   
0.406671212774   0.1   0   0.0050022737608003635   0   4.195789184503011   
0.9202610865   0.4   0   0.008640291041382447   0   4.195789184503011   
1.0817185107   0.6   0   0.009095043201455207   0   4.195789184503011   
0.392422110302   0.1   0   0.005911778080945885   0   5.072847203810039   
0.660937575619   0.5   0   0.0068212824010914054   0   4.106471798109754   
0.216918953102   0.1   1   0.004092769440654843   0   0   
