0.198769829571   0.2   1   0.002728512960436562   0   0   
0.468368876494   0.2   0   0.010914051841746248   5   0   
0.455090135404   0.3   0   0.008185538881309686   5   0   
0.263887977388   0.4   0   0.005457025920873124   0   0   
0.341267107335   0.1   0   0.007730786721236926   0   1.0   
0.625981122759   0.4   0   0.010914051841746248   0   1.7071067811865475   
0.23469213006   0.3   0   0.0050022737608003635   0   2.3731961255343648   
0.166752036291   0.2   0   0.004547521600727604   0   3.262753722639603   
0.251871886731   0.4   0   0.004092769440654843   0   3.262753722639603   
0.21013270091   0.3   0   0.0031832651205093224   0   3.262753722639603   
0.182524211496   0.1   0   0.004547521600727604   0   4.262753722639603   
0.296378413541   0.2   0   0.011368804001819008   0   4.262753722639603   
0.644717053577   0.5   0   0.01455206912232833   1   4.789799999334333   
0.392818048685   0.3   0   0.0068212824010914054   0   4.789799999334333   
0.277879936347   0.2   0   0.005457025920873124   1   4.789799999334333   
0.246466075626   0.3   0   0.009095043201455207   3   4.789799999334333   
0.168301587802   0.1   0   0.007276034561164165   0   4.789799999334333   
0.0957186676253   0.1   0   0.0031832651205093224   0   4.789799999334333   
0.51438175349   0.3   0   0.01409731696225557   0   5.350551899212228   
0.299120912878   0.3   0   0.007730786721236926   0   6.0471824452314635   
0.16278758418   0.1   0   0.0036380172805820826   0   6.955477551460711   
0.33659142189   0.3   0   0.005911778080945885   0   6.955477551460711   
0.0737364874601   0.0   0   0.002273760800363802   0   6.955477551460711   
0.293687393154   0.2   0   0.005457025920873124   1   6.955477551460711   
0.385674754948   0.4   0   0.007276034561164165   0   6.955477551460711   
0.324816268716   0.1   0   0.006366530241018645   0   6.955477551460711   
0.332743020525   0.2   0   0.006366530241018645   0   7.673547882277965   
0.344409679267   0.3   0   0.006366530241018645   0   5.998080599537389   
0.526880868932   0.3   0   0.01682582992269213   0   6.290254954432777   
0.338261045218   0.5   0   0.0050022737608003635   0   6.57571508104199   
0.331770773835   0.3   0   0.007730786721236926   0   6.977914914311911   
0.400870615001   0.3   0   0.008640291041382447   1   6.977914914311911   
0.289248365879   0.2   0   0.004547521600727604   0   5.435453881156847   
0.076391830417   0.0   0   0.0031832651205093224   0   5.435453881156847   
0.215129309643   0.2   0   0.006366530241018645   0   5.717171966066353   
0.147393231848   0.1   1   0.004092769440654843   0   0   
