0.133444566499   0.0   1   0.0036380172805820826   2   0   
0.294375405243   0.2   0   0.002728512960436562   0   0   
0.868402150772   0.5   0   0.01182355616189177   0   0   
0.42941836481   0.4   0   0.0036380172805820826   0   0   
0.302587435889   0.4   0   0.005457025920873124   2   0   
0.13443164525   0.1   0   0.002273760800363802   0   0   
0.417688402776   0.5   0   0.004547521600727604   2   0   
0.412380450142   0.0   0   0.005911778080945885   0   0   
0.957231479221   0.5   0   0.01409731696225557   2   0   
0.453243952829   0.3   0   0.007276034561164165   0   0   
0.483953695055   0.4   0   0.007730786721236926   0   0   
0.0912603243378   0.0   0   0.0018190086402910413   0   0   
0.0663783960117   0.1   0   0.0018190086402910413   0   0   
0.469051838944   0.3   0   0.005911778080945885   0   1.0   
0.426935937496   0.2   0   0.008185538881309686   0   1.8498365855987977   
0.784381217531   0.2   0   0.01182355616189177   0   1.6540159968819397   
0.62780587772   0.0   1   0.010004547521600727   2   0   
