0.579446172599   0.3   1   0.007730786721236926   0   1.0   
0.556767700093   0.1   0   0.009095043201455207   0   1.0   
0.394326866456   0.2   0   0.0050022737608003635   1   1.4135850959342555   
0.445435005044   0.4   0   0.008185538881309686   0   1.4135850959342555   
0.387246637339   0.5   0   0.006366530241018645   0   1.8953971517639712   
0.425932664118   0.4   0   0.005911778080945885   0   1.8953971517639712   
0.364914082102   0.3   0   0.005911778080945885   0   2.395397151763971   
0.0995637236793   0.0   0   0.002273760800363802   0   2.395397151763971   
0.0934894810337   0.0   0   0.002273760800363802   0   2.395397151763971   
0.386313811019   0.4   0   0.006366530241018645   0   2.877209207593687   
0.308525896152   0.3   0   0.0036380172805820826   0   3.514586646792785   
0.626816745046   0.5   0   0.010004547521600727   2   3.8989397041856884   
0.312032832165   0.2   0   0.005457025920873124   1   4.419356204052222   
0.2527471883   0.3   0   0.0031832651205093224   0   5.100741347921469   
0.752353538856   0.4   0   0.010914051841746248   0   5.454294738514743   
0.0612320734408   0.0   0   0.002273760800363802   0   5.454294738514743   
0.368877232513   0.2   0   0.010914051841746248   2   5.454294738514743   
0.061646311765   0.0   0   0.0036380172805820826   2   5.454294738514743   
0.442148645278   0.3   0   0.004547521600727604   0   5.454294738514743   
0.628183116906   0.3   0   0.0068212824010914054   2   5.454294738514743   
0.689207545784   0.6   0   0.007276034561164165   2   5.838647795907646   
0.275700721473   0.2   0   0.004092769440654843   0   6.439573008484978   
0.323408041455   0.3   0   0.005457025920873124   0   6.959989508351511   
0.43366901578   0.4   0   0.005911778080945885   0   6.959989508351511   
0.326246803005   0.3   0   0.005457025920873124   0   7.4804060082180435   
0.208640760826   0.0   0   0.007276034561164165   0   7.4804060082180435   
0.183025975462   0.1   0   0.0068212824010914054   0   7.4804060082180435   
0.266293268708   0.2   0   0.0031832651205093224   0   8.16179115208729   
0.119368976453   0.1   0   0.0036380172805820826   0   8.16179115208729   
0.153059584728   0.0   0   0.005457025920873124   0   8.16179115208729   
0.306949848446   0.2   0   0.006366530241018645   0   8.643603207917007   
0.216809832925   0.1   0   0.010004547521600727   0   8.643603207917007   
0.243365463308   0.2   0   0.0036380172805820826   0   9.280980647116104   
0.298315848423   0.3   0   0.0068212824010914054   0   9.280980647116104   
0.364174784955   0.2   0   0.010004547521600727   1   9.280980647116104   
0.137753919641   0.1   0   0.005457025920873124   0   9.280980647116104   
0.222806894423   0.2   0   0.005911778080945885   0   9.780980647116104   
0.168541678345   0.1   0   0.002273760800363802   0   9.780980647116104   
0.012231945732   0.0   0   0.0009095043201455207   0   9.780980647116104   
0.233851109332   0.2   0   0.0068212824010914054   0   9.780980647116104   
0.153405671209   0.1   1   0.004092769440654843   0   0   
