0.317367975594   0.3   1   0.007730786721236926   0   0   
0.306683257325   0.3   0   0.005911778080945885   0   1.0   
0.330222166669   0.3   0   0.005457025920873124   1   1.0   
0.103259770484   0.1   0   0.002273760800363802   0   1.0   
0.220675536604   0.3   0   0.002728512960436562   0   1.6793662204867574   
0.517015565038   0.5   0   0.010459299681673489   0   2.1342250466340995   
0   0.0   0   0.0   0   2.1342250466340995   
0   0.0   0   0.0   0   2.1342250466340995   
0   0.0   0   0.0   0   2.1342250466340995   
0.169298989717   0.1   0   0.004547521600727604   0   2.1342250466340995   
0.255976162636   0.2   0   0.004547521600727604   0   2.1342250466340995   
0.349895319944   0.5   0   0.0068212824010914054   0   2.766680578667776   
0.475744324599   0.4   0   0.009095043201455207   0   3.288913546534869   
0.236224106823   0.2   0   0.006366530241018645   0   3.288913546534869   
0.240031849105   0.3   0   0.005457025920873124   1   3.996020327721417   
0.689182631417   0.7   0   0.01273306048203729   0   4.862045731505856   
0.225682112802   0.2   0   0.0036380172805820826   0   5.636642400747339   
0.424024457278   0.5   0   0.008185538881309686   1   6.184364958252504   
0.167428757897   0.2   0   0.004547521600727604   0   6.958961627493987   
0.182030070959   0.1   0   0.007730786721236926   0   6.958961627493987   
0.199948471645   0.3   0   0.005911778080945885   0   7.6383278479807455   
0.262694980392   0.2   0   0.004547521600727604   0   7.6383278479807455   
0.230093906434   0.1   0   0.009095043201455207   0   7.6383278479807455   
0.187511669221   0.2   0   0.0068212824010914054   0   7.6383278479807455   
0.187521068899   0.1   0   0.005911778080945885   1   7.6383278479807455   
0.231110213459   0.2   0   0.0036380172805820826   0   8.345434629167293   
0.100735570226   0.1   0   0.0036380172805820826   0   8.345434629167293   
0.328978066401   0.2   0   0.011368804001819008   1   8.345434629167293   
0.151656880745   0.2   0   0.0018190086402910413   0   8.345434629167293   
0.188068156942   0.1   0   0.007276034561164165   0   8.345434629167293   
0.12212242096   0.1   0   0.0031832651205093224   0   9.271254728939844   
0.22170173436   0.2   0   0.004092769440654843   0   9.271254728939844   
0.265038521696   0.2   0   0.007276034561164165   0   9.271254728939844   
0.234152253033   0.3   0   0.006366530241018645   0   9.271254728939844   
0.23671643175   0.4   0   0.0068212824010914054   0   9.271254728939844   
0.230297830912   0.2   0   0.0050022737608003635   0   9.271254728939844   
0.209467618915   0.2   0   0.005457025920873124   0   9.271254728939844   
0.387431661294   0.5   0   0.0068212824010914054   0   9.865343254725847   
0.124408626171   0.1   0   0.002273760800363802   0   9.865343254725847   
0.121705871714   0.0   0   0.005457025920873124   0   9.865343254725847   
0.0813838317121   0.0   0   0.0031832651205093224   0   9.865343254725847   
0.0978473782463   0.1   0   0.0036380172805820826   0   9.865343254725847   
0.26827543103   0.4   0   0.004092769440654843   0   9.865343254725847   
0.336644747413   0.4   0   0.006366530241018645   0   10.477715690421643   
0.125365864771   0.2   0   0.002273760800363802   0   10.564802057949583   
0.331219072026   0.3   0   0.007276034561164165   0   11.091848334644313   
0.0529832180133   0.0   0   0.002273760800363802   0   11.091848334644313   
0.249824428155   0.3   0   0.004092769440654843   0   11.837204327144242   
0.187851191802   0.2   0   0.004547521600727604   0   12.54431110833079   
0.236614468601   0.2   0   0.0036380172805820826   0   13.334880523372886   
0.165129055627   0.2   0   0.0031832651205093224   0   13.334880523372886   
0.43101984597   0.5   0   0.008185538881309686   0   13.861926800067614   
0.233112795471   0.2   0   0.0068212824010914054   0   13.861926800067614   
0.115105724876   0.1   1   0.002273760800363802   0   0   
