0.405064148398   0.4   1   0.01273306048203729   0   0   
0.048194511587   0.1   0   0.001364256480218281   0   0   
0.0274496217266   0.0   0   0.001364256480218281   0   0   
0.255876472329   0.1   0   0.009095043201455207   0   0   
0.183330179816   0.2   0   0.004547521600727604   0   0   
0.622525048623   0.5   0   0.02501136880400182   0   0   
0.170558446536   0.2   0   0.005911778080945885   0   0   
0.311771470622   0.2   0   0.01273306048203729   0   0   
0.121087126287   0.1   0   0.004092769440654843   0   1.0   
0.401121669135   0.4   0   0.011368804001819008   0   1.0   
0.16225332667   0.2   0   0.004092769440654843   0   1.0   
0.183932812751   0.1   0   0.0068212824010914054   1   1.0   
0.239462235087   0.1   0   0.010459299681673489   0   1.6255432421712244   
0.300557452049   0.2   0   0.010459299681673489   0   2.2255432421712245   
0.413501362523   0.4   0   0.013642564802182811   0   2.2255432421712245   
0.176185379464   0.2   0   0.0050022737608003635   0   2.2255432421712245   
0.325491260089   0.4   0   0.007276034561164165   0   2.2255432421712245   
0.291015465471   0.3   0   0.007730786721236926   0   2.2255432421712245   
0.225424607783   0.3   0   0.004092769440654843   0   2.2255432421712245   
0.218314757525   0.2   0   0.005911778080945885   0   2.2255432421712245   
0.53729148982   0.6   0   0.015916325602546612   3   2.2255432421712245   
0.18483333317   0.2   0   0.004547521600727604   0   2.2255432421712245   
0.470805228074   0.3   0   0.01318781264211005   0   2.2255432421712245   
0.56123199829   0.4   0   0.010004547521600727   0   2.2255432421712245   
0.0677458368015   0.1   0   0.002728512960436562   0   2.2255432421712245   
0.308908454458   0.5   0   0.007730786721236926   0   2.9531501172802237   
0.242519252262   0.2   0   0.007276034561164165   0   2.9531501172802237   
0.251048891674   0.2   0   0.008640291041382447   0   3.607803787988201   
0.273852943917   0.3   0   0.006366530241018645   0   3.607803787988201   
0.363031974818   0.2   0   0.009095043201455207   0   3.607803787988201   
0.304157192401   0.4   0   0.008185538881309686   0   4.278624181238138   
0.20997450322   0.2   0   0.007276034561164165   0   4.278624181238138   
0.159303624103   0.2   0   0.0036380172805820826   0   4.278624181238138   
0.18875147145   0.2   0   0.007276034561164165   0   4.278624181238138   
0.00727174792058   0.0   0   0.00045475216007276033   0   4.278624181238138   
0.374145951389   0.3   0   0.005911778080945885   0   4.904167423409362   
0.118097796416   0.1   0   0.004092769440654843   0   4.904167423409362   
0.179808973556   0.3   0   0.004092769440654843   0   4.904167423409362   
0.121326664533   0.0   1   0.006366530241018645   0   0   
