0.0817290917573   0.1   1   0.005457025920873124   1   0   
0.398537981995   0.7   0   0.01637107776261937   0   0   
0.10176330542   0.0   0   0.007276034561164165   0   0   
0.0152603290483   0.0   0   0.0018190086402910413   0   0   
0.246389728527   0.3   0   0.008640291041382447   0   0   
0.172687956561   0.3   0   0.007276034561164165   0   0   
0.154302706965   0.3   0   0.005457025920873124   0   0   
0.104933429895   0.2   0   0.004092769440654843   0   0   
0.121096173027   0.1   0   0.005911778080945885   0   0   
0.107136609079   0.2   0   0.004547521600727604   0   0   
0   0.0   0   0.0   0   0   
0   0.0   0   0.0   0   0   
0   0.0   0   0.0   0   0   
0.0200263129685   0.0   0   0.001364256480218281   0   0   
0.109312701632   0.1   0   0.005911778080945885   0   0   
0.170690291344   0.3   0   0.0050022737608003635   0   0   
0.267950312632   0.3   0   0.01409731696225557   0   0   
0.0524760656447   0.0   0   0.004092769440654843   0   0   
0.172327472876   0.1   0   0.009095043201455207   0   0   
0.192478791034   0.3   0   0.007276034561164165   0   0   
0.0541103602788   0.1   0   0.002728512960436562   0   0   
0.191512282909   0.2   0   0.010459299681673489   1   0   
0.177605454944   0.3   0   0.010004547521600727   1   0   
0.171620605447   0.3   0   0.007276034561164165   0   0   
0.161633423894   0.2   0   0.0050022737608003635   0   0   
0.0909150784863   0.2   0   0.002728512960436562   0   0   
0.0295746792973   0.1   0   0.0018190086402910413   0   0   
0.0162352616036   0.1   0   0.0018190086402910413   0   0   
0.20360021257   0.3   0   0.009095043201455207   1   0   
0.206405470853   0.4   0   0.007730786721236926   0   0   
0.0820153661097   0.1   0   0.0036380172805820826   0   0   
0.174366307848   0.3   0   0.007276034561164165   2   0   
0.141015406101   0.1   0   0.008640291041382447   0   0   
0.0756460617287   0.1   0   0.0031832651205093224   0   0   
0.250200914881   0.3   0   0.01409731696225557   2   0   
0.0938289053292   0.2   0   0.0036380172805820826   0   0   
0.122773505175   0.2   0   0.005911778080945885   0   0   
0.182333686844   0.1   0   0.01273306048203729   0   0   
0.185088820432   0.1   0   0.010459299681673489   0   0   
0.19232665754   0.4   0   0.009095043201455207   1   0   
0.253980153506   0.3   0   0.010004547521600727   0   0   
0.00947555242178   0.0   0   0.0009095043201455207   0   0   
0.1437692188   0.2   0   0.005457025920873124   0   0   
0.0839356797473   0.0   0   0.005911778080945885   0   0   
0.0392906670848   0.0   0   0.0031832651205093224   0   0   
0.0782808473611   0.0   0   0.004547521600727604   0   0   
0.251504268182   0.3   0   0.010914051841746248   2   0   
0.293790202279   0.4   0   0.010914051841746248   0   0   
0.0683011423335   0.1   0   0.002273760800363802   0   0   
0.273492183606   0.2   0   0.008640291041382447   0   0   
0.0894659350464   0.2   0   0.004092769440654843   0   0   
0.240657757581   0.2   0   0.01227830832196453   0   0   
0.119607929106   0.1   0   0.0050022737608003635   0   0   
0.174161423116   0.2   0   0.008640291041382447   2   0   
0.191598658209   0.1   0   0.01182355616189177   0   0   
0.0720168216586   0.0   0   0.005911778080945885   0   0   
0.111898627325   0.1   0   0.004092769440654843   0   0   
0.210449065483   0.2   0   0.010459299681673489   0   0   
0.310445117538   0.5   0   0.010459299681673489   0   1.0   
0.157576842198   0.4   0   0.006366530241018645   0   1.0   
0.143104879757   0.1   0   0.0068212824010914054   0   1.0   
0.232284788463   0.2   0   0.01318781264211005   0   1.0   
0.149491713092   0.2   0   0.0068212824010914054   0   1.0   
0.168029552047   0.1   0   0.007730786721236926   0   1.0   
0.133041785565   0.1   0   0.009549795361527967   0   1.0   
0.142637333877   0.1   0   0.010004547521600727   2   1.0   
0.25874317951   0.2   0   0.015916325602546612   0   1.0   
0.156656454126   0.1   0   0.009095043201455207   1   1.0   
0.0560117699099   0.0   0   0.0036380172805820826   0   1.0   
0.140389756966   0.2   0   0.007276034561164165   0   1.0   
0.147412150842   0.0   0   0.008185538881309686   0   1.0   
0.0999818557691   0.0   0   0.005911778080945885   0   1.0   
0.12405226434   0.2   0   0.005911778080945885   0   1.0   
0.212988355036   0.2   0   0.011368804001819008   0   1.0   
0.0607477900081   0.1   0   0.0036380172805820826   0   1.0   
0.256828482666   0.1   0   0.01273306048203729   0   1.0   
0.0671064840093   0.1   0   0.0031832651205093224   0   1.0   
0.114208839997   0.1   0   0.006366530241018645   0   1.0   
0.102924679245   0.1   0   0.005457025920873124   0   1.0   
0.184472405836   0.1   0   0.010004547521600727   0   1.0   
0.105386263898   0.1   0   0.010004547521600727   1   1.0   
0.0975844073267   0.1   0   0.0050022737608003635   0   1.0   
0.0252552662751   0.0   1   0.0018190086402910413   0   0   
