0.688456937756   0.6   1   0.009549795361527967   1   1.0   
0.0319086773588   0.0   0   0.00045475216007276033   0   1.0   
0.469336298877   0.3   0   0.005457025920873124   0   1.7223151185146153   
0.290521350205   0.3   0   0.004092769440654843   0   1.7223151185146153   
0.329253295311   0.1   0   0.0050022737608003635   0   1.7223151185146153   
0.114010845161   0.0   0   0.002728512960436562   0   1.7223151185146153   
0.625865063268   0.5   0   0.0068212824010914054   0   1.7223151185146153   
0.836445318684   0.6   0   0.0068212824010914054   0   1.7223151185146153   
0.898617086145   0.4   0   0.006366530241018645   0   2.5388116994423413   
0.917488601529   0.5   0   0.010459299681673489   1   2.5388116994423413   
1.18412417351   0.6   0   0.009549795361527967   0   2.5388116994423413   
0.629050602452   0.4   0   0.004092769440654843   0   2.5388116994423413   
0.0663704475796   0.1   0   0.001364256480218281   0   2.5388116994423413   
0.725785652376   0.4   0   0.009549795361527967   2   2.5388116994423413   
0.666321888549   0.5   0   0.0068212824010914054   0   2.5388116994423413   
0.957559292695   0.5   0   0.010004547521600727   3   2.5388116994423413   
0.750014583825   0.4   0   0.006366530241018645   2   2.5388116994423413   
0.0820402743395   0.0   0   0.0018190086402910413   0   2.5388116994423413   
0.14209115532   0.0   0   0.002728512960436562   0   2.5388116994423413   
0.455975047922   0.3   0   0.006366530241018645   1   2.5388116994423413   
0.129688470952   0.0   1   0.002273760800363802   0   0   
