0.0649480852038   0.0   1   0.004092769440654843   0   0   
0.340550690588   0.4   0   0.0068212824010914054   0   1.0   
0.375580129353   0.2   0   0.009095043201455207   0   1.8073734277593312   
0.21882189675   0.2   0   0.004547521600727604   0   2.258708894683551   
0.269072111915   0.3   0   0.004547521600727604   0   2.7531221271565953   
0.280842171825   0.3   0   0.01227830832196453   2   2.7531221271565953   
0.284888855486   0.2   0   0.006366530241018645   0   3.58883302119394   
0.362279227008   0.2   0   0.009549795361527967   0   4.271188108819485   
0.225825310299   0.3   0   0.002273760800363802   0   4.0543135550425085   
0.0832717227521   0.1   0   0.006366530241018645   0   4.0543135550425085   
0.295753744799   0.4   0   0.006366530241018645   2   4.651927859709705   
0.378094515467   0.5   0   0.009095043201455207   0   5.3670248016438995   
0.0166027773115   0.0   0   0.001364256480218281   0   5.3670248016438995   
0.458736794011   0.5   0   0.01227830832196453   0   5.98986590054695   
0.0999493832437   0.1   0   0.007276034561164165   0   5.98986590054695   
0.264930831832   0.4   0   0.0031832651205093224   0   5.724869941027144   
0.0649577748288   0.0   0   0.005911778080945885   0   5.969469736262258   
0.273656247208   0.3   0   0.0050022737608003635   0   6.501285759740568   
0.245607439366   0.3   0   0.004547521600727604   0   7.059059110763285   
0.0224953618313   0.0   0   0.0031832651205093224   0   7.392392444096619   
0.0563310463113   0.1   0   0.0031832651205093224   0   7.392392444096619   
0.178010646344   0.1   0   0.008640291041382447   3   7.392392444096619   
0.339883385044   0.3   0   0.009095043201455207   0   7.984000422406581   
0.383946715084   0.2   0   0.007730786721236926   0   8.561350691596207   
0.299701294572   0.3   0   0.0068212824010914054   0   9.016770725638855   
0.156398117902   0.2   0   0.007276034561164165   0   9.016770725638855   
0.326752389773   0.2   0   0.004547521600727604   0   9.780533341464828   
0.402146723871   0.4   0   0.01318781264211005   0   10.10806913109184   
0.346875852151   0.2   0   0.0068212824010914054   0   10.749758079011588   
0.106924834676   0.1   0   0.0050022737608003635   0   10.749758079011588   
0.306712270243   0.3   0   0.008185538881309686   1   11.165497788653138   
0.244892350115   0.3   0   0.002728512960436562   0   11.885580088476235   
0.289158964508   0.4   0   0.0036380172805820826   0   12.50918965293856   
0.142727620709   0.1   0   0.007730786721236926   2   12.50918965293856   
0.407278056005   0.4   0   0.010459299681673489   0   13.214723335889117   
0.036445370277   0.0   0   0.0018190086402910413   0   13.214723335889117   
0.397219028703   0.4   0   0.010004547521600727   0   13.590774052434295   
0.11261953102   0.3   0   0.0036380172805820826   1   14.214383616896619   
0.0382315417224   0.0   0   0.0036380172805820826   0   14.214383616896619   
0.364678900129   0.4   0   0.008185538881309686   0   15.003194254643235   
0.0291624658077   0.1   0   0.0036380172805820826   0   15.62680381910556   
0.0939126590711   0.2   0   0.004547521600727604   0   15.905690494616916   
0.0220603204698   0.1   0   0.001364256480218281   0   16.414865571834234   
0.0397461642173   0.0   0   0.0036380172805820826   0   16.414865571834234   
0.350992549769   0.3   0   0.007276034561164165   0   17.038475136296558   
0.483781300671   0.6   0   0.01409731696225557   0   17.499041322768395   
0.159378826695   0.3   0   0.005911778080945885   0   17.988240913238624   
0.0462852799641   0.0   0   0.002728512960436562   2   17.988240913238624   
0.322506498465   0.3   0   0.0050022737608003635   0   18.520056936716934   
0.204576069063   0.2   0   0.0036380172805820826   0   18.831861718948094   
0.317434828084   0.3   0   0.01273306048203729   0   18.987764110063676   
0.573756774099   0.3   0   0.01409731696225557   0   19.434977705563636   
0.291198230524   0.2   0   0.0068212824010914054   0   19.862770337510135   
0.558556160832   0.5   0   0.008640291041382447   0   20.598340049999962   
0.383773102809   0.5   0   0.01182355616189177   2   20.944256397775142   
0.322579165264   0.3   0   0.008185538881309686   2   21.33866171664845   
0.343639907477   0.2   0   0.006366530241018645   0   22.0000995444146   
0.0612894094732   0.2   0   0.005457025920873124   0   22.0000995444146   
0.328586213864   0.3   0   0.007730786721236926   0   22.427892176361095   
0.415210341591   0.3   0   0.01227830832196453   0   22.75542796598811   
0.319060497316   0.2   0   0.009549795361527967   0   23.140328145447857   
0.201510720984   0.1   0   0.004092769440654843   0   23.434300513343924   
0.219066232195   0.3   0   0.01682582992269213   0   23.434300513343924   
0.321533835438   0.5   0   0.010004547521600727   0   23.974362238211246   
0.413547519732   0.5   0   0.01227830832196453   0   24.313812289689455   
0.37688916625   0.4   0   0.007276034561164165   0   24.937421854151776   
0.12275091916   0.2   0   0.002728512960436562   0   25.657504153974873   
0.323405832652   0.2   0   0.0036380172805820826   0   26.49416418050895   
0.174814823287   0.2   0   0.002273760800363802   0   27.282974818255564   
0.0237581605884   0.0   0   0.002273760800363802   0   27.282974818255564   
0.0796362519371   0.3   0   0.002273760800363802   0   27.282974818255564   
0.14895377657   0.2   0   0.005457025920873124   0   27.282974818255564   
0.356017336944   0.2   0   0.005457025920873124   0   27.94441264602171   
0.047416529934   0.0   0   0.002728512960436562   0   27.94441264602171   
0.374398756894   0.4   0   0.010459299681673489   0   28.29717948749699   
0.340883807135   0.3   0   0.009095043201455207   0   28.861255562314756   
0.0670430161243   0.1   0   0.0036380172805820826   0   29.17306034454592   
0.2403000498   0.3   1   0.004547521600727604   0   0   
