0.0998566619294   0.0   1   0.0036380172805820826   0   1.0   
0.241759323017   0.2   0   0.0050022737608003635   1   1.2931509849889642   
0.0677272647406   0.0   0   0.002728512960436562   0   1.2931509849889642   
0.210980965758   0.1   0   0.0050022737608003635   0   1.9372022217391782   
0.317422266649   0.2   0   0.006366530241018645   0   2.419014277568894   
0.0381779982063   0.0   0   0.0031832651205093224   0   2.419014277568894   
0.444845932371   0.3   0   0.01318781264211005   1   2.753781309274887   
0.365351848294   0.3   0   0.0050022737608003635   0   3.297338615779496   
0.233637481433   0.2   0   0.0031832651205093224   1   3.7515953783589944   
0.176761257948   0.1   0   0.0068212824010914054   2   4.061911823776081   
0.23274585517   0.2   0   0.005911778080945885   0   4.395245157109415   
0.330977937187   0.4   0   0.0068212824010914054   1   4.670968554398919   
0.126331280519   0.1   0   0.004092769440654843   0   4.670968554398919   
0   0.0   0   0.0   0   4.670968554398919   
0   0.0   0   0.0   0   4.670968554398919   
0   0.0   0   0.0   0   4.670968554398919   
0.0205240693555   0.0   0   0.0009095043201455207   0   4.670968554398919   
0.237600862702   0.2   0   0.002273760800363802   0   5.208452404285489   
0.233161103896   0.6   0   0.004547521600727604   2   5.778540116835058   
0.165440883288   0.3   0   0.004547521600727604   1   6.158598591868103   
0.392294770279   0.4   0   0.004547521600727604   0   6.728686304417673   
0.142346146871   0.2   0   0.0068212824010914054   1   6.883844527126216   
0.097694273129   0.2   0   0.004547521600727604   0   6.883844527126216   
0.518996243582   0.4   0   0.009095043201455207   0   7.237397917719489   
0.266057483333   0.3   0   0.004547521600727604   0   7.617456392752536   
0.121253663245   0.0   0   0.005457025920873124   0   7.617456392752536   
0.0805261354303   0.1   0   0.004092769440654843   0   7.617456392752536   
0.0457314414711   0.0   0   0.0036380172805820826   0   7.617456392752536   
0.1442219214   0.1   0   0.0036380172805820826   0   7.8299155391522355   
0.591861388845   0.4   0   0.007276034561164165   0   8.280609448585235   
0.327972061936   0.3   0   0.005457025920873124   0   8.801025948451768   
0.805637810106   0.7   0   0.013642564802182811   4   8.116575942205046   
0.330827330702   0.2   0   0.0050022737608003635   0   8.386111788892594   
0.0866133582346   0.2   0   0.0031832651205093224   0   8.569769510565706   
0.12593065874   0.0   0   0.004092769440654843   1   8.731740396533631   
0.32325865625   0.3   0   0.004547521600727604   0   9.039058545110061   
0.113845011708   0.1   0   0.0050022737608003635   0   9.185566723941983   
0.261850322924   0.3   0   0.004547521600727604   0   9.339225798230197   
0.337422816018   0.3   0   0.0050022737608003635   0   9.63224215589404   
0.0315443187825   0.1   0   0.0009095043201455207   0   9.63224215589404   
0.106567031151   0.1   0   0.0031832651205093224   0   9.63224215589404   
0.644778541301   0.4   0   0.008185538881309686   0   10.108718718308097   
0.205192360845   0.4   0   0.007276034561164165   1   10.230196882784039   
0.0151320898857   0.0   0   0.00045475216007276033   0   10.230196882784039   
0.186117232513   0.2   0   0.0031832651205093224   0   10.413854604457153   
0.372167871516   0.3   0   0.0031832651205093224   0   10.899767262360928   
0.345278938077   0.4   0   0.005911778080945885   0   11.034535185704701   
0.161071556963   0.2   0   0.005911778080945885   0   11.159997294489546   
0.0500863033089   0.2   0   0.002273760800363802   0   11.159997294489546   
0.220065168329   0.2   0   0.001364256480218281   0   11.721080902176329   
0.531004666749   0.5   0   0.007730786721236926   1   12.19248542296736   
0.298987439267   0.3   0   0.004092769440654843   0   12.51642719490321   
0.0159664651178   0.0   0   0.0009095043201455207   0   12.51642719490321   
0.0440914390542   0.1   0   0.0018190086402910413   0   12.51642719490321   
0.0764356597565   0.2   0   0.004092769440654843   0   12.662935373735134   
0.0243262890397   0.0   0   0.001364256480218281   0   12.662935373735134   
0.38961024362   0.3   0   0.0031832651205093224   0   13.03025081708136   
0.441625272044   0.3   0   0.0050022737608003635   0   13.323267174745203   
0.180653146273   0.1   0   0.005911778080945885   0   13.323267174745203   
0.546478486673   0.5   0   0.005911778080945885   0   13.825115609884591   
0.309173761017   0.4   0   0.0031832651205093224   3   14.559746496577045   
0.235276598247   0.3   0   0.0031832651205093224   0   14.74340421825016   
0.0232370756611   0.0   0   0.001364256480218281   0   14.74340421825016   
0.37957324353   0.4   0   0.004092769440654843   0   15.229316876153932   
0.0206938736852   0.0   0   0.0009095043201455207   0   15.572909011622071   
0.590963428607   0.5   1   0.01273306048203729   5   0   
