0.480905170418   0.4   1   0.008185538881309686   0   1.0   
0.394073197259   0.4   0   0.007730786721236926   0   1.0   
0.235833013129   0.2   0   0.006366530241018645   0   1.0   
0.445851338115   0.2   0   0.009549795361527967   1   1.9258200997725512   
0.262317456056   0.1   0   0.0036380172805820826   0   1.9258200997725512   
0.409143394678   0.5   0   0.008185538881309686   0   1.962910049886276   
0.441387829915   0.4   0   0.005911778080945885   0   2.551258455300828   
0.0440785081856   0.0   0   0.002728512960436562   0   2.551258455300828   
0.332734698812   0.2   0   0.0068212824010914054   0   2.551258455300828   
0.203495985958   0.0   0   0.006366530241018645   0   3.1182051648146687   
0.342346241471   0.3   0   0.006366530241018645   0   3.1182051648146687   
0.530223104132   0.2   0   0.008185538881309686   0   3.1182051648146687   
0.305489630138   0.5   0   0.005911778080945885   2   3.649964830462634   
0.263577719599   0.3   0   0.0050022737608003635   0   4.1935221369672435   
0.147859305331   0.2   0   0.004092769440654843   0   4.7944473495445745   
0.192096160247   0.2   0   0.0031832651205093224   0   4.7944473495445745   
0.285601610165   0.4   0   0.005457025920873124   0   5.314863849411108   
0.449801392474   0.2   0   0.01227830832196453   0   5.314863849411108   
0.441836941189   0.5   0   0.008640291041382447   1   5.728448945345363   
0.380228968242   0.4   0   0.0068212824010914054   0   6.6593982815966255   
0.29819696957   0.3   0   0.005457025920873124   2   7.141210337426341   
0.227784174848   0.1   0   0.004547521600727604   0   7.141210337426341   
0.224533080071   0.3   0   0.0031832651205093224   0   7.822595481295587   
0.361839285216   0.1   0   0.009549795361527967   0   7.822595481295587   
0.27120614432   0.3   0   0.0050022737608003635   0   8.366152787800196   
0.499208777798   0.4   0   0.010004547521600727   0   9.134858902586004   
0.0392415215019   0.1   0   0.002273760800363802   0   9.941084677415859   
0.0384199129155   0.0   0   0.0009095043201455207   0   9.941084677415859   
0.288489941077   0.4   0   0.0050022737608003635   0   10.484641983920469   
0.449413184539   0.3   0   0.007276034561164165   0   10.484641983920469   
0.310954395003   0.2   0   0.0068212824010914054   0   10.950116652046098   
0.194231343714   0.3   1   0.005911778080945885   0   0   
