0.298651429872   0.5   1   0.01227830832196453   0   1.0   
0.0951738601374   0.1   0   0.0050022737608003635   0   1.0   
0.0747162187175   0.2   0   0.0050022737608003635   0   1.0   
0.111379539897   0.1   0   0.006366530241018645   0   1.0   
0.066857592904   0.1   0   0.002273760800363802   0   1.0   
0.193317901921   0.2   0   0.008640291041382447   0   1.0   
0.147099478553   0.2   0   0.009095043201455207   0   1.6020797289396147   
0.0992522705148   0.1   0   0.007730786721236926   0   2.25512688515063   
0.151973469532   0.2   0   0.007276034561164165   0   2.928272486042443   
0.0942871786357   0.1   0   0.005457025920873124   0   3.7055540737998443   
0.207150272378   0.4   0   0.0068212824010914054   0   3.7055540737998443   
0.295297446749   0.2   0   0.010004547521600727   0   3.7055540737998443   
0.137664563125   0.2   0   0.0036380172805820826   0   3.7055540737998443   
0.228058287495   0.2   0   0.009095043201455207   0   4.279614571086894   
0.140014453822   0.3   0   0.005457025920873124   0   5.056896158844294   
0.141734436802   0.3   0   0.006366530241018645   0   5.776519075973218   
0.206675012811   0.3   0   0.007276034561164165   0   6.449664676865032   
0.0030159575008   0.0   0   0.00045475216007276033   0   6.449664676865032   
0.0659809087372   0.0   0   0.0050022737608003635   0   7.261508817751021   
0.154436737791   0.2   0   0.004547521600727604   0   5.26410480196771   
0.269909464276   0.3   0   0.010004547521600727   0   5.60120473319933   
0.171962261462   0.3   0   0.008640291041382447   0   5.963942858254336   
0.345116110351   0.7   0   0.010004547521600727   0   6.897304533668106   
0.0695308281725   0.0   0   0.005911778080945885   0   6.897304533668106   
0.120522130356   0.2   0   0.0036380172805820826   0   6.897304533668106   
0.474435038748   0.7   0   0.01318781264211005   0   7.140590996925114   
0.340866689661   0.4   0   0.010004547521600727   0   7.734116672252414   
0.118407123047   0.1   0   0.0068212824010914054   0   8.093514316466544   
0.201077636678   0.1   0   0.01182355616189177   4   8.85591185056539   
0.0764029552199   0.0   0   0.004092769440654843   0   8.85591185056539   
0.26444232415   0.4   0   0.005911778080945885   0   7.160246173795873   
0.0545474769994   0.1   0   0.0050022737608003635   0   7.160246173795873   
0.0309891222353   0.1   0   0.002728512960436562   0   7.160246173795873   
0.194880604252   0.4   0   0.005457025920873124   0   7.439754670983347   
0.224932834915   0.5   0   0.005457025920873124   0   8.27828016254577   
0.0571165428356   0.2   0   0.0031832651205093224   0   8.27828016254577   
0.189452222712   0.5   0   0.006366530241018645   0   8.795829332052534   
0.0763536611566   0.1   0   0.005457025920873124   0   8.795829332052534   
0.177951469822   0.3   0   0.008185538881309686   0   9.024047064346354   
0.266475815757   0.4   0   0.009549795361527967   0   9.65791275539274   
0.137451130934   0.2   0   0.010004547521600727   2   9.65791275539274   
0.210900446026   0.4   0   0.009095043201455207   0   9.87441910633885   
0.0860469427159   0.2   0   0.0031832651205093224   0   10.24038163369455   
0.151643962643   0.3   0   0.004547521600727604   0   10.546567851542447   
0.219777354114   0.4   0   0.0068212824010914054   0   10.796567851542447   
0.233585839782   0.3   0   0.008185538881309686   1   11.253003316130085   
0.186353480546   0.3   0   0.0068212824010914054   0   11.503003316130085   
0.246220672779   0.3   0   0.009095043201455207   0   11.936016018022306   
0.295497037182   0.3   0   0.009549795361527967   0   12.541695657837742   
0.197811710152   0.2   0   0.008185538881309686   0   12.541695657837742   
0.225922884709   0.4   0   0.008185538881309686   0   12.541695657837742   
0.159085561948   0.0   0   0.011368804001819008   0   12.541695657837742   
0.122128524248   0.1   0   0.006366530241018645   0   12.541695657837742   
0.0459336765308   0.1   0   0.002728512960436562   0   12.541695657837742   
0.0316817778611   0.0   0   0.002273760800363802   0   12.541695657837742   
0.275729354033   0.3   0   0.01182355616189177   0   12.541695657837742   
0.338963036039   0.4   0   0.011368804001819008   0   12.715597743747805   
0.167866061372   0.2   0   0.0068212824010914054   0   12.715597743747805   
0.0593613249384   0.1   0   0.004092769440654843   0   12.715597743747805   
0.0520990536637   0.0   0   0.002728512960436562   0   12.715597743747805   
0.113813606156   0.3   0   0.002273760800363802   0   12.715597743747805   
0.179760881206   0.2   0   0.005911778080945885   0   12.715597743747805   
0.181312007272   0.4   0   0.004547521600727604   0   12.715597743747805   
0.177015311606   0.1   0   0.008640291041382447   0   12.715597743747805   
0.230371244002   0.3   0   0.008185538881309686   1   13.148610445640022   
0.0280855886337   0.0   0   0.002728512960436562   0   13.148610445640022   
0.0395605505251   0.0   0   0.0031832651205093224   0   13.148610445640022   
0.120057221937   0.2   0   0.006366530241018645   0   13.407385030393405   
0.194806382377   0.3   0   0.005911778080945885   0   13.657385030393405   
0.165559981346   0.2   0   0.009095043201455207   0   13.863815736354598   
0.321206834932   0.4   0   0.01273306048203729   0   14.412759527388149   
0.351402527945   0.5   0   0.013642564802182811   0   14.578812318426916   
0.160007205052   0.2   0   0.006366530241018645   0   15.096361487933683   
0.0591881242298   0.1   0   0.0018190086402910413   0   15.096361487933683   
0.250147759984   0.2   0   0.010004547521600727   0   15.294003841694206   
0.146297347866   0.1   0   0.010459299681673489   0   15.487653009004578   
0.0195791904393   0.0   0   0.0018190086402910413   0   15.487653009004578   
0.158070206786   0.3   0   0.0036380172805820826   1   16.172306205886034   
0.313122599254   0.5   0   0.0068212824010914054   1   16.922306205886034   
0.0844078592083   0.1   0   0.0018190086402910413   0   17.40642912416196   
0.0951516076519   0.0   0   0.005911778080945885   1   17.674972201926746   
0.0951206126385   0.1   0   0.002728512960436562   0   18.070256909447792   
0.261543556445   0.3   0   0.008185538881309686   1   18.070256909447792   
0.230982677291   0.3   0   0.008185538881309686   1   18.52669237403543   
0.0771706758826   0.1   0   0.002273760800363802   0   18.52669237403543   
0.224337923323   0.2   0   0.010004547521600727   1   18.733123079996624   
0.144723332585   0.2   0   0.0050022737608003635   1   19.025060184057196   
0.193166197065   0.3   0   0.005911778080945885   1   19.293603261821982   
0.141668782719   0.2   0   0.005911778080945885   1   19.293603261821982   
0.218370019178   0.4   0   0.005911778080945885   1   20.099232495116343   
0.249077901982   0.2   0   0.009095043201455207   1   20.31573884606245   
0.299930799204   0.4   0   0.011368804001819008   1   21.090335515303938   
0.145617564816   0.2   0   0.004547521600727604   1   22.00889416884763   
0.176901780154   0.2   0   0.005911778080945885   1   22.75889416884763   
0.057065668664   0.1   0   0.002728512960436562   0   22.75889416884763   
0.18374509593   0.3   0   0.0050022737608003635   1   20.48955258880489   
0.0442050079051   0.1   0   0.002273760800363802   0   20.48955258880489   
0.151325525876   0.2   0   0.0036380172805820826   1   21.07585455878282   
0.149109674273   0.2   0   0.005457025920873124   0   21.793924889600074   
0.194535498694   0.2   0   0.007730786721236926   1   22.397224639504955   
0.22151460139   0.3   1   0.0050022737608003635   1   0   
