0.0432577790234   0.0   1   0.001364256480218281   0   0   
0.141600900482   0.2   0   0.005457025920873124   1   0   
0.0925376774767   0.0   0   0.007276034561164165   1   1.0   
0.173454028198   0.3   0   0.004547521600727604   0   1.337099931231621   
0.214096248689   0.3   0   0.005457025920873124   0   1.7935353958192592   
0.0214185419955   0.0   0   0.001364256480218281   0   1.7935353958192592   
0.0685151599893   0.0   0   0.005457025920873124   0   1.7935353958192592   
0.0319689311548   0.0   0   0.002728512960436562   0   1.7935353958192592   
0.0354884613556   0.0   0   0.002273760800363802   0   1.7935353958192592   
0.093080857266   0.1   0   0.005457025920873124   1   1.7935353958192592   
0.155670655435   0.2   0   0.002273760800363802   0   2.500642177005807   
0.0220617574365   0.0   0   0.002273760800363802   0   2.500642177005807   
0.184005924908   0.2   0   0.005457025920873124   0   2.9570776415934454   
0.0915984645873   0.2   0   0.004547521600727604   0   2.9570776415934454   
0.299828845173   0.5   0   0.01318781264211005   1   3.5250394758405106   
0.046376621291   0.1   0   0.0036380172805820826   0   3.5250394758405106   
0.0893586321291   0.1   0   0.007276034561164165   0   3.5250394758405106   
0.0559265855333   0.0   0   0.002728512960436562   0   3.5250394758405106   
0.213004493382   0.5   0   0.0068212824010914054   2   4.292004464687881   
0.0289453191696   0.0   0   0.0009095043201455207   0   4.292004464687881   
0.0881581076292   0.0   0   0.006366530241018645   0   4.292004464687881   
0.0948984812338   0.2   0   0.004092769440654843   0   4.81905074138261   
0.0183237605723   0.0   0   0.001364256480218281   0   4.81905074138261   
0.0235764085957   0.1   0   0.0018190086402910413   0   5.609620156424706   
0.13878123197   0.0   0   0.010459299681673489   0   5.609620156424706   
0.37641836712   0.2   0   0.01182355616189177   1   6.506041613425501   
0.162246395369   0.0   0   0.010004547521600727   0   6.506041613425501   
0.0184805003556   0.0   0   0.001364256480218281   0   6.506041613425501   
0.0484961698989   0.2   0   0.0036380172805820826   0   6.506041613425501   
0.0462350938597   0.0   0   0.004092769440654843   0   6.506041613425501   
0.0831697421983   0.1   0   0.006366530241018645   0   6.9286187407897595   
0.210991918938   0.2   0   0.005911778080945885   0   7.367147750443274   
0.131294982636   0.1   0   0.007276034561164165   1   7.367147750443274   
0.104918124192   0.3   0   0.007276034561164165   0   8.15771716548537   
0.0451903054192   0.0   0   0.0036380172805820826   0   8.15771716548537   
0.131976091982   0.1   0   0.008185538881309686   0   8.15771716548537   
0.013013396372   0.0   0   0.0009095043201455207   0   8.15771716548537   
0.0575636357762   0.0   0   0.0018190086402910413   0   8.15771716548537   
0.252993896344   0.2   0   0.010459299681673489   0   8.473944931502208   
0.11577384045   0.0   0   0.008640291041382447   0   9.16401049084456   
0.0486858224692   0.0   0   0.004092769440654843   0   9.16401049084456   
0.0371134566802   0.0   0   0.002273760800363802   0   9.16401049084456   
0.0909995047843   0.1   0   0.0068212824010914054   2   9.547492985268246   
0.0639638585254   0.1   0   0.0050022737608003635   0   9.547492985268246   
0.089411237346   0.1   0   0.007276034561164165   0   9.547492985268246   
0.211402912658   0.2   0   0.005911778080945885   1   9.955741275732109   
0.063748069981   0.3   0   0.004092769440654843   0   10.482787552426839   
0.237492400804   0.2   0   0.006366530241018645   0   11.273356967468933   
0.0299409894893   0.1   0   0.0018190086402910413   0   11.273356967468933   
0.0923905515178   0.1   0   0.006366530241018645   0   12.11851122219745   
0.0953347995427   0.0   0   0.005457025920873124   0   12.11851122219745   
0.610503476022   0.2   0   0.01637107776261937   1   13.071973811443042   
0.0373820823493   0.1   0   0.004092769440654843   0   13.599020088137774   
0.14866833713   0.2   0   0.002728512960436562   0   14.244517312505675   
0.0259490827027   0.0   0   0.0018190086402910413   0   15.03508672754777   
0.314825123082   0.4   0   0.007276034561164165   0   14.447790388160668   
0.237885791747   0.2   0   0.008640291041382447   0   14.756397088084853   
0.120611408803   0.1   0   0.010914051841746248   0   14.756397088084853   
0.0667950118321   0.1   0   0.005911778080945885   0   14.756397088084853   
0.172686069282   0.2   0   0.004092769440654843   0   15.227801608875884   
0.379253460357   0.3   0   0.009549795361527967   0   15.793487033825123   
0.063268488879   0.0   0   0.005457025920873124   0   15.793487033825123   
0.0184672510764   0.0   0   0.001364256480218281   0   15.793487033825123   
0.176551790591   0.2   0   0.010004547521600727   0   16.082162168419934   
0.285149048791   0.6   0   0.010459299681673489   0   16.930690305843793   
0.213792364151   0.3   0   0.006366530241018645   0   17.30865477885302   
0.174367283028   0.3   0   0.004092769440654843   0   17.78005929964405   
0.0236277625449   0.0   0   0.002273760800363802   0   17.78005929964405   
0.0772333002225   0.1   0   0.006366530241018645   0   18.158023772653276   
0.19254827733   0.3   0   0.0050022737608003635   0   18.584425205364496   
0.0689734089332   0.1   0   0.0036380172805820826   0   18.584425205364496   
0.286968064868   0.4   0   0.009549795361527967   0   18.89303190528868   
0.133824294932   0.1   0   0.009095043201455207   0   18.89303190528868   
0.245711114893   0.3   0   0.007730786721236926   0   19.236029075573697   
0.28461935913   0.4   0   0.010004547521600727   0   19.839051764729223   
0.0616176587399   0.1   0   0.0031832651205093224   0   19.839051764729223   
0.204097060158   0.3   0   0.006366530241018645   1   20.21701623773845   
0.1113958503   0.0   0   0.007276034561164165   0   20.21701623773845   
0.27634515029   0.5   0   0.009549795361527967   0   20.83422963758682   
0.226405251056   0.3   0   0.009549795361527967   0   21.142836337511003   
0.119518176208   0.2   0   0.007276034561164165   0   21.476169670844335   
0.17120138916   0.2   0   0.0036380172805820826   0   21.976169670844335   
0.0336527072972   0.0   0   0.0031832651205093224   0   21.976169670844335   
0.103062930365   0.1   0   0.0068212824010914054   0   21.976169670844335   
0.134084078293   0.1   0   0.006366530241018645   0   22.354134143853564   
0.128366191417   0.0   0   0.0068212824010914054   1   22.354134143853564   
0.0526221101791   0.0   0   0.0036380172805820826   0   22.354134143853564   
0.0377033906502   0.1   0   0.002728512960436562   0   22.93148441304319   
0.01996028062   0.0   0   0.001364256480218281   0   22.93148441304319   
0.107940449447   0.2   0   0.007276034561164165   0   22.93148441304319   
0.0388716587408   0.1   0   0.004092769440654843   1   23.40288893383422   
0.152167385262   0.3   0   0.002273760800363802   1   19.50160821471643   
0.141540671311   0.2   0   0.001364256480218281   0   20.147105439084335   
0.042606968519   0.0   0   0.004092769440654843   0   20.147105439084335   
0.0201547900819   0.0   0   0.0018190086402910413   0   20.147105439084335   
0.110259864572   0.1   0   0.011368804001819008   0   20.354719138718686   
0.0183866491019   0.0   0   0.0018190086402910413   0   20.354719138718686   
0.169973359748   0.3   1   0.004092769440654843   0   0   
