0.239043928907   0.1   1   0.005911778080945885   0   1.0   
0.20838226345   0.2   0   0.0050022737608003635   0   1.0   
0.734982321329   0.4   0   0.013642564802182811   0   1.8320502943378438   
0.208217437978   0.2   0   0.002273760800363802   0   1.8320502943378438   
0.0828297643968   0.0   0   0.0031832651205093224   0   1.8320502943378438   
0.570992707771   0.4   0   0.008185538881309686   0   2.2954551866011   
0.108375041018   0.1   0   0.0018190086402910413   0   2.2954551866011   
0.449710719836   0.3   0   0.005457025920873124   1   3.024401189813291   
0.0261487165101   0.0   0   0.001364256480218281   0   3.024401189813291   
0.0339611918909   0.0   0   0.0009095043201455207   0   3.024401189813291   
0.462196554716   0.3   0   0.007730786721236926   3   3.024401189813291   
0.350295746065   0.2   0   0.0050022737608003635   0   3.024401189813291   
0.317136840729   0.2   0   0.004547521600727604   0   3.024401189813291   
0.643152019194   0.3   0   0.010459299681673489   0   3.024401189813291   
0.335777227451   0.0   0   0.005457025920873124   0   3.024401189813291   
0.424383920859   0.3   0   0.009095043201455207   1   3.527525022266476   
0.600969405678   0.4   0   0.011368804001819008   1   4.129305644832103   
0.425580254571   0.3   0   0.009095043201455207   1   4.795972311498769   
0.289246444658   0.4   0   0.0050022737608003635   0   5.267376832289801   
1.13506380957   0.5   0   0.017735334242837655   7   5.899832364323476   
0.172037911243   0.0   0   0.002728512960436562   0   6.538117102827701   
0.3386972436   0.2   0   0.005457025920873124   1   6.538117102827701   
0.366003207676   0.2   0   0.006366530241018645   0   6.538117102827701   
0.375884031626   0.3   0   0.004547521600727604   0   6.538117102827701   
0.267516508306   0.3   0   0.004547521600727604   1   7.52694356777379   
0.39324349847   0.2   0   0.010004547521600727   1   7.52694356777379   
0.480122468251   0.2   0   0.007276034561164165   0   7.52694356777379   
0.476563232699   0.2   0   0.005911778080945885   0   7.52694356777379   
0.251237934431   0.2   0   0.0031832651205093224   0   7.52694356777379   
0.2191605884   0.1   0   0.0031832651205093224   0   7.52694356777379   
0.549562285316   0.3   0   0.007276034561164165   1   7.52694356777379   
0.372228796159   0.4   0   0.005911778080945885   0   7.52694356777379   
0.719422380929   0.6   0   0.010459299681673489   1   7.0178116023160975   
0.323815469239   0.4   0   0.004547521600727604   2   7.0178116023160975   
0.283728972216   0.4   0   0.004547521600727604   1   7.808381017358192   
0.268747029387   0.2   1   0.005457025920873124   1   0   
