0.462913456514   0.3   1   0.004092769440654843   0   1.0   
0.618574438422   0.3   0   0.0068212824010914054   1   1.7745966692414832   
2.24117249012   0.9   0   0.019099590723055934   2   1.7636648162452686   
0.22378108748   0.0   0   0.0031832651205093224   0   1.7636648162452686   
0.126173564244   0.0   0   0.0018190086402910413   0   1.7636648162452686   
0.0213809318323   0.0   0   0.00045475216007276033   0   1.7636648162452686   
0.496026977321   0.2   0   0.0031832651205093224   0   2.2516148527195354   
0.592283980362   0.4   0   0.0050022737608003635   0   2.928167764050617   
0.659482676283   0.2   0   0.006366530241018645   0   2.928167764050617   
0.608892342831   0.2   0   0.0036380172805820826   0   2.928167764050617   
0.793264606161   0.5   0   0.005457025920873124   0   3.5664525025548426   
1.46648318552   0.7   0   0.009549795361527967   0   3.895403567947321   
1.39941917226   0.4   0   0.01227830832196453   0   4.540206335713555   
0.741978370477   0.3   0   0.0050022737608003635   0   5.53592366078779   
0.432832160269   0.3   1   0.002728512960436562   0   0   
