0.0800775930279   0.2   1   0.0036380172805820826   0   1.0   
0   0.0   0   0.0   0   1.0   
0   0.0   0   0.0   0   1.0   
0   0.0   0   0.0   0   1.0   
0.0837297670543   0.1   0   0.005457025920873124   0   1.0   
0.0537456427983   0.0   0   0.004092769440654843   0   1.0   
0.0258171369562   0.0   0   0.001364256480218281   0   1.0   
0.0901475394355   0.2   0   0.0050022737608003635   0   1.0   
0.0517637132721   0.1   0   0.0036380172805820826   0   1.0   
0.0575296121964   0.0   0   0.004092769440654843   0   1.0   
0.453032675788   0.4   0   0.018190086402910415   1   1.4264014327112209   
0.213636541346   0.4   0   0.0050022737608003635   0   2.210865973263957   
0.0524314072993   0.1   0   0.002273760800363802   0   2.210865973263957   
0.065750578689   0.2   0   0.002273760800363802   0   2.210865973263957   
0.0533142518251   0.1   0   0.0018190086402910413   0   2.210865973263957   
0.0409413983031   0.0   0   0.0018190086402910413   0   2.210865973263957   
0.0406012597334   0.1   0   0.001364256480218281   0   2.210865973263957   
0.0506485073177   0.0   0   0.004547521600727604   0   2.210865973263957   
0.0166104235442   0.1   0   0.001364256480218281   0   2.210865973263957   
0.0513426339004   0.2   0   0.002273760800363802   0   2.210865973263957   
0.08083912223   0.3   0   0.0031832651205093224   0   2.210865973263957   
0.0107338421378   0.0   0   0.001364256480218281   0   2.210865973263957   
0.0021922027189   0.0   0   0.00045475216007276033   0   2.210865973263957   
0.424310988088   0.2   0   0.010004547521600727   0   2.9928476574454486   
0.0774309783047   0.0   0   0.004547521600727604   0   2.9928476574454486   
0.388999460555   0.5   0   0.01227830832196453   1   3.854739264816783   
0.297445524568   0.2   0   0.008185538881309686   0   4.455664477394115   
0.232662975607   0.2   0   0.007730786721236926   0   5.074011419794957   
0.258671502007   0.2   0   0.0068212824010914054   0   5.074011419794957   
0.2035294107   0.3   0   0.004547521600727604   0   5.8802371946248115   
0.0425812246614   0.0   0   0.0036380172805820826   0   5.8802371946248115   
0.0488795606048   0.0   0   0.002728512960436562   0   5.8802371946248115   
0   0.0   0   0.0   0   5.8802371946248115   
0   0.0   0   0.0   0   5.8802371946248115   
0   0.0   0   0.0   0   5.8802371946248115   
0.0199347602789   0.0   0   0.001364256480218281   0   5.8802371946248115   
0.0492778763067   0.2   0   0.0036380172805820826   0   5.8802371946248115   
0.200917200713   0.4   0   0.0036380172805820826   0   6.781625013490809   
0.257244845767   0.3   0   0.007730786721236926   0   6.48367311978607   
0.196249942166   0.2   0   0.004547521600727604   0   7.135593360306335   
0.0347372203308   0.0   0   0.0018190086402910413   0   7.135593360306335   
0.131350394098   0.2   0   0.0068212824010914054   0   7.667884007728712   
0.0456455330461   0.1   0   0.002273760800363802   0   7.667884007728712   
0   0.0   0   0.0   0   7.667884007728712   
0   0.0   0   0.0   0   7.667884007728712   
0   0.0   0   0.0   0   7.667884007728712   
0.0681358481003   0.2   0   0.0031832651205093224   0   6.579205121561756   
0.159045543403   0.3   0   0.002273760800363802   0   7.250025514811694   
0.225185806413   0.2   0   0.006366530241018645   1   7.65091737768033   
0.0873147617829   0.0   0   0.005457025920873124   0   7.65091737768033   
0.0449686470385   0.0   0   0.002728512960436562   0   7.65091737768033   
0.213729522149   0.1   0   0.0068212824010914054   1   7.65091737768033   
0.224916198269   0.2   0   0.0050022737608003635   0   8.555451411413621   
0.063755613287   0.1   0   0.002728512960436562   0   8.555451411413621   
0.112418868185   0.3   0   0.004547521600727604   1   8.555451411413621   
0.0386223678883   0.0   0   0.0018190086402910413   0   8.555451411413621   
0.215589048284   0.3   0   0.0050022737608003635   0   9.007718428280267   
0.296967085757   0.1   0   0.01273306048203729   0   9.007718428280267   
0.0931369822164   0.0   0   0.005457025920873124   0   9.007718428280267   
0.0664659481293   0.0   0   0.0036380172805820826   0   9.007718428280267   
0.160360763161   0.3   0   0.0031832651205093224   0   8.94406094710773   
0.0674874999511   0.0   0   0.0031832651205093224   0   8.94406094710773   
0.0602747394934   0.0   0   0.0031832651205093224   1   8.94406094710773   
0.103526480282   0.1   0   0.006366530241018645   0   9.297614337701004   
0.137197260378   0.0   0   0.0068212824010914054   0   9.297614337701004   
0.0887796768507   0.0   0   0.006366530241018645   0   9.297614337701004   
0.0217811915456   0.0   0   0.001364256480218281   0   9.297614337701004   
0.377162585703   0.3   0   0.013642564802182811   1   9.751356944187519   
0.0462702725621   0.0   0   0.002728512960436562   0   9.751356944187519   
0.0653582754795   0.0   0   0.0036380172805820826   0   9.751356944187519   
0.188883731496   0.2   0   0.0050022737608003635   0   9.751356944187519   
0.322092686808   0.4   0   0.01182355616189177   0   10.27023146585029   
0.089448701579   0.0   0   0.0050022737608003635   1   10.27023146585029   
0.189791124832   0.2   0   0.005457025920873124   2   10.652112773763276   
0.0358494615499   0.0   0   0.002728512960436562   0   10.652112773763276   
0.413270016665   0.3   0   0.01227830832196453   0   10.906700312371935   
0.0743769268601   0.1   0   0.0036380172805820826   0   10.906700312371935   
0.138901101209   0.1   0   0.002273760800363802   0   10.906700312371935   
0.180864993212   0.3   0   0.0036380172805820826   0   11.374407485718677   
0.164266205997   0.1   0   0.008640291041382447   0   11.374407485718677   
0.0928704829194   0.1   0   0.004092769440654843   0   11.374407485718677   
0.0372715492308   0.1   0   0.0031832651205093224   0   11.374407485718677   
0.15745223673   0.3   0   0.005911778080945885   0   11.374407485718677   
0.381825515654   0.4   0   0.01409731696225557   0   11.612002967374425   
0.335295924303   0.2   0   0.005911778080945885   0   12.218979946041308   
0.215381450212   0.2   0   0.005911778080945885   0   12.585879638893982   
0.0486394563506   0.0   0   0.0031832651205093224   0   12.585879638893982   
0.0329560812164   0.1   0   0.002273760800363802   0   12.585879638893982   
0.175450304366   0.2   1   0.008185538881309686   1   0   
