0.171614427722   0.2   1   0.008640291041382447   0   0   
0.163140165379   0.1   0   0.010004547521600727   0   0   
0.211255242696   0.3   0   0.008185538881309686   0   0   
0.207791221204   0.3   0   0.010459299681673489   0   0   
0.0494504285851   0.0   0   0.004547521600727604   0   0   
0.156799934927   0.1   0   0.010004547521600727   0   0   
0.125467361542   0.2   0   0.007730786721236926   0   0   
0.24970063466   0.3   0   0.010914051841746248   0   0   
0.0452501182795   0.0   0   0.002273760800363802   0   0   
0.0923481287903   0.1   0   0.006366530241018645   0   0   
0.0493504601555   0.1   0   0.0031832651205093224   0   0   
0.0203233592442   0.0   0   0.002273760800363802   0   0   
0.0561368387083   0.1   0   0.002728512960436562   0   0   
0.0765280739662   0.1   0   0.004547521600727604   0   0   
0.199373978245   0.4   0   0.008185538881309686   0   0   
0.147843000857   0.4   0   0.007730786721236926   0   0   
0.0816873227085   0.1   0   0.0031832651205093224   0   0   
0.208513434057   0.3   0   0.01182355616189177   0   0   
0.204325433227   0.4   0   0.007730786721236926   0   0   
0.0790188618951   0.1   0   0.002273760800363802   0   0   
0.26197816052   0.2   0   0.01409731696225557   6   0   
0.0915458333884   0.2   0   0.0050022737608003635   0   0   
0.36340834091   0.5   0   0.013642564802182811   0   0   
0.0999596719109   0.1   0   0.004547521600727604   0   0   
0.1562470219   0.2   0   0.007730786721236926   0   0   
0.156600705312   0.3   0   0.007276034561164165   0   0   
0.105804722637   0.2   0   0.004547521600727604   0   0   
0.0866664234753   0.2   0   0.0050022737608003635   0   0   
0.129977681428   0.2   0   0.0068212824010914054   0   0   
0.0352584745915   0.0   0   0.002273760800363802   0   0   
0.200701112807   0.3   0   0.011368804001819008   0   0   
0.166752715565   0.2   0   0.007276034561164165   0   0   
0.146229265937   0.3   0   0.0068212824010914054   0   0   
0.0983086154992   0.0   0   0.0068212824010914054   0   0   
0.177754583931   0.2   0   0.006366530241018645   0   0   
0.169859653404   0.2   0   0.006366530241018645   0   0   
0.0938655490449   0.2   0   0.0050022737608003635   0   0   
0.198175482485   0.2   0   0.0068212824010914054   0   0   
0.134909544009   0.0   0   0.0068212824010914054   0   0   
0.155432730614   0.2   0   0.007276034561164165   0   0   
0.0298127000443   0.0   0   0.002273760800363802   0   0   
0.23582018479   0.3   0   0.010004547521600727   0   0   
0.0922135237275   0.0   0   0.005911778080945885   0   0   
0.138175393108   0.2   0   0.005911778080945885   0   0   
0.100374843678   0.1   0   0.0050022737608003635   0   0   
0.0963416417684   0.4   0   0.004092769440654843   0   0   
0.114587000443   0.2   0   0.005911778080945885   0   0   
0.0692383939756   0.1   0   0.004547521600727604   0   0   
0.00251307329847   0.0   0   0.00045475216007276033   0   0   
0.00663072397675   0.0   0   0.00045475216007276033   0   0   
0.160751388119   0.2   0   0.008640291041382447   0   0   
0.228649243847   0.3   0   0.009549795361527967   0   0   
0.104350671346   0.1   0   0.0050022737608003635   0   0   
0.0671502534669   0.0   0   0.004547521600727604   0   0   
0.0257763562383   0.0   0   0.001364256480218281   0   0   
0.160785363219   0.2   0   0.0068212824010914054   0   0   
0.0925851394405   0.1   0   0.005911778080945885   0   0   
0.103827801905   0.3   0   0.0031832651205093224   0   0   
0.147821444973   0.3   0   0.007276034561164165   0   0   
0.0435892856878   0.0   0   0.002728512960436562   0   0   
0.215364579746   0.3   0   0.009549795361527967   0   0   
0.152320178504   0.1   0   0.009095043201455207   0   0   
0.145584714842   0.1   0   0.005457025920873124   0   0   
0.101836014109   0.2   0   0.004092769440654843   0   0   
0.135820790966   0.2   0   0.0068212824010914054   0   0   
0.112211929738   0.1   0   0.006366530241018645   0   0   
0.0538426306274   0.1   0   0.0031832651205093224   0   0   
0.0424408983786   0.0   0   0.0031832651205093224   0   0   
0.140250517933   0.0   0   0.007276034561164165   0   0   
0.118434132433   0.2   0   0.0031832651205093224   0   0   
0.147524464824   0.2   0   0.005457025920873124   0   0   
0.176803102904   0.2   0   0.0068212824010914054   0   0   
0.127002300307   0.0   0   0.005911778080945885   0   0   
0.174841716457   0.2   0   0.008640291041382447   0   0   
0.248789702353   0.2   0   0.01409731696225557   0   0   
0.124872848589   0.2   0   0.005911778080945885   0   0   
0.0284128212879   0.0   0   0.002273760800363802   0   0   
0.288809251604   0.2   0   0.01273306048203729   0   0   
0.0380602145488   0.0   0   0.002728512960436562   0   0   
0.0507559150744   0.0   0   0.002728512960436562   0   0   
0.138176716414   0.3   0   0.007730786721236926   0   0   
0.107235778829   0.1   0   0.004547521600727604   0   0   
0.218825600346   0.2   0   0.010914051841746248   0   0   
0.229950336927   0.1   0   0.009095043201455207   0   0   
0.187401694777   0.2   0   0.007730786721236926   1   0   
0.145794966429   0.3   0   0.007730786721236926   0   0   
0.156263577728   0.2   0   0.0050022737608003635   0   0   
0.0892406423485   0.0   0   0.005911778080945885   0   0   
0.148449428901   0.2   0   0.008185538881309686   0   0   
0.0757940794112   0.0   0   0.0050022737608003635   1   0   
0.165262743023   0.3   0   0.007276034561164165   0   0   
0.153086783576   0.3   0   0.006366530241018645   0   0   
0.0192182560322   0.0   1   0.0018190086402910413   0   0   
