0.22029027028   0.3   1   0.0036380172805820826   0   0   
0.0848036975243   0.2   0   0.005457025920873124   0   0   
0.368476304748   0.3   0   0.007276034561164165   0   0   
0.193093338007   0.3   0   0.007730786721236926   0   0   
0.128301448114   0.2   0   0.008640291041382447   0   0   
0.346706732254   0.3   0   0.005911778080945885   0   0   
0.277846123799   0.3   0   0.0068212824010914054   0   0   
0.0457483578646   0.1   0   0.0036380172805820826   0   0   
0.300878596819   0.2   0   0.008640291041382447   0   0   
0.283241924587   0.3   0   0.0050022737608003635   0   0   
0.107701285847   0.1   0   0.008640291041382447   0   0   
0.399622000063   0.4   0   0.008640291041382447   0   0   
0.0698618639271   0.0   0   0.004547521600727604   0   0   
0.058648257068   0.1   0   0.0050022737608003635   0   0   
0.105683925769   0.0   0   0.008185538881309686   0   0   
0.047581123858   0.2   0   0.0031832651205093224   0   0   
0.064870833954   0.1   0   0.0050022737608003635   0   0   
0.13691056163   0.1   0   0.009095043201455207   0   0   
0.537670756667   0.3   0   0.01318781264211005   2   0   
0.150336164443   0.2   0   0.009549795361527967   0   0   
0.066773614107   0.1   0   0.0050022737608003635   0   0   
0.275603206298   0.3   0   0.005457025920873124   0   0   
0.0531688675497   0.0   0   0.002728512960436562   0   0   
0.0564742076132   0.0   0   0.005911778080945885   0   0   
0.22618572633   0.2   0   0.008640291041382447   0   0   
0.0814310466641   0.1   0   0.005457025920873124   0   0   
0.449953186125   0.4   0   0.01182355616189177   1   0   
0.465765550286   0.6   0   0.01455206912232833   0   0   
0.275928458077   0.3   0   0.005911778080945885   0   0   
0.254966317048   0.4   0   0.005457025920873124   0   0   
0.15408770852   0.0   0   0.010004547521600727   0   0   
0.244492122993   0.3   0   0.004547521600727604   0   0   
0.413178543414   0.5   0   0.011368804001819008   0   0   
0.214512298187   0.4   0   0.002728512960436562   0   0   
0.374352493712   0.5   0   0.007276034561164165   0   0   
0.258911743719   0.4   0   0.005457025920873124   0   0   
0.257695540268   0.2   0   0.005911778080945885   0   0   
0.260251997049   0.2   0   0.004547521600727604   0   0   
0.52538033122   0.4   0   0.01409731696225557   0   0   
0.37398936489   0.4   0   0.0068212824010914054   0   0   
0.186615450704   0.3   0   0.0050022737608003635   0   0   
0.454684580643   0.4   0   0.01409731696225557   0   0   
0.0698275232533   0.1   0   0.005911778080945885   0   0   
0.47711011396   0.3   0   0.006366530241018645   0   0   
0.0876079185136   0.2   0   0.005911778080945885   0   0   
0.307611993654   0.4   0   0.011368804001819008   1   0   
0.0388744197668   0.0   0   0.0031832651205093224   0   0   
0.229116895057   0.3   0   0.004092769440654843   0   0   
0.0272788367523   0.0   0   0.002273760800363802   0   0   
0.109154190118   0.1   0   0.007276034561164165   0   0   
0.321459833666   0.5   0   0.008640291041382447   0   0   
0.210998170668   0.2   0   0.008185538881309686   0   0   
0.0545216836299   0.0   0   0.002273760800363802   0   0   
0.246847445644   0.2   0   0.002728512960436562   0   0   
0.260491292707   0.3   0   0.009095043201455207   0   0   
0.0656195981007   0.2   0   0.0031832651205093224   0   0   
0.306206676383   0.3   0   0.006366530241018645   0   0   
0.0331617401051   0.0   0   0.0031832651205093224   0   0   
0.277267315813   0.2   0   0.005457025920873124   0   0   
0.0459291291983   0.0   0   0.0031832651205093224   0   0   
0.161560753021   0.2   0   0.005457025920873124   0   0   
0.00986467925723   0.1   0   0.0018190086402910413   0   0   
0   0.0   0   0.0   0   0   
0   0.0   0   0.0   0   0   
0.0556783149935   0.0   0   0.0031832651205093224   0   0   
0.221516491748   0.2   0   0.004092769440654843   0   0   
0.306215250267   0.4   0   0.009549795361527967   0   0   
0.0942942106403   0.1   0   0.0068212824010914054   0   0   
0.253234454962   0.2   0   0.006366530241018645   0   0   
0.0445616076997   0.0   0   0.0031832651205093224   0   0   
0.326538252445   0.3   0   0.01318781264211005   0   0   
0.348544887741   0.4   0   0.005911778080945885   0   0   
0.0231349495086   0.0   1   0.0018190086402910413   0   0   
