0.116217948072   0.0   1   0.002728512960436562   0   0   
0.286984439853   0.4   0   0.004547521600727604   0   1.0   
0.273506830756   0.3   0   0.005457025920873124   0   1.2112885636821291   
0.613350095855   0.5   0   0.011368804001819008   0   1.6517037283181568   
0.270790975648   0.3   0   0.004547521600727604   0   1.901703728318157   
0.207342600031   0.2   0   0.005911778080945885   0   2.5594972427984293   
0.233780626357   0.1   0   0.0050022737608003635   0   2.797862890109827   
0.1763085337   0.1   0   0.004092769440654843   0   2.797862890109827   
0.092270479648   0.1   0   0.002273760800363802   0   2.797862890109827   
0.115482071228   0.0   0   0.004547521600727604   0   2.797862890109827   
0.104644344306   0.0   0   0.004092769440654843   0   2.797862890109827   
0.206624191944   0.3   0   0.004547521600727604   0   2.797862890109827   
0.271127281097   0.3   0   0.0031832651205093224   0   3.0966700424434253   
0.307917974411   0.3   0   0.004092769440654843   0   3.6237163191381554   
0.0983148948307   0.0   0   0.0031832651205093224   1   3.6237163191381554   
0.322873075406   0.3   0   0.004092769440654843   0   3.8872394574855202   
0.29894886095   0.1   0   0.004547521600727604   0   4.343674922073158   
0.153087697219   0.1   0   0.0036380172805820826   0   4.343674922073158   
0.273971920842   0.3   0   0.0036380172805820826   1   5.18220041363558   
0.230352727429   0.2   0   0.004092769440654843   0   5.18220041363558   
0.280217214314   0.3   0   0.004547521600727604   0   5.93220041363558   
0.0918965599697   0.1   0   0.001364256480218281   0   5.93220041363558   
0.361498265526   0.2   0   0.010004547521600727   0   5.93220041363558   
0.253038535078   0.2   0   0.0031832651205093224   0   6.529814718302777   
0.200014464099   0.1   0   0.0031832651205093224   1   6.8286218706363755   
0.279514141729   0.1   0   0.0068212824010914054   0   7.032746015868307   
0.280693904203   0.4   0   0.005911778080945885   0   7.236870161100239   
0.201287174871   0.3   0   0.0050022737608003635   0   7.236870161100239   
0.264233566222   0.2   0   0.007276034561164165   0   7.236870161100239   
0.290082309163   0.5   0   0.004092769440654843   0   7.763916437794968   
0.277038582624   0.1   0   0.006366530241018645   0   7.9615587915554915   
0.438482723816   0.3   0   0.008185538881309686   0   8.138335486852128   
0.0934171984252   0.1   0   0.0031832651205093224   0   8.138335486852128   
0.234861740605   0.2   0   0.008185538881309686   0   8.845442268038676   
0.222472961833   0.0   0   0.0068212824010914054   1   8.845442268038676   
0.207243795722   0.1   0   0.006366530241018645   1   9.268019395402934   
0.232918259926   0.2   0   0.005457025920873124   0   9.496237127696755   
0.292791201281   0.3   0   0.0050022737608003635   0   9.972968422319552   
0.3991187487   0.4   1   0.008185538881309686   0   0   
