0.837144866167   0.3   1   0.011368804001819008   3   1.0   
0.574739226557   0.6   0   0.007730786721236926   0   1.638666373658505   
0.323931516248   0.2   0   0.0050022737608003635   0   2.4780384333230225   
0.128969285274   0.3   0   0.0050022737608003635   0   2.4780384333230225   
0.205620894257   0.1   0   0.0050022737608003635   0   2.4780384333230225   
0.46222829795   0.2   0   0.009095043201455207   5   2.4780384333230225   
1.5991147405   0.5   0   0.030468394724874944   2   2.4780384333230225   
0.534874360525   0.5   0   0.009549795361527967   1   3.0585179951847046   
0.0731778432723   0.0   0   0.002273760800363802   0   3.0585179951847046   
0.427140820168   0.2   0   0.007276034561164165   0   3.330593042924953   
0.391933983104   0.2   0   0.007730786721236926   3   3.8450887983524793   
0.432149878424   0.4   0   0.0050022737608003635   0   4.484690947419311   
0.203193439568   0.2   0   0.0036380172805820826   0   4.484690947419311   
0.129403474723   0.0   0   0.0031832651205093224   0   4.484690947419311   
0.323343642063   0.1   0   0.005457025920873124   0   4.484690947419311   
0.109575541107   0.0   0   0.0031832651205093224   0   4.484690947419311   
0.241775182356   0.2   0   0.0050022737608003635   0   4.484690947419311   
0.344130802054   0.0   0   0.007730786721236926   0   4.484690947419311   
0.280168644005   0.2   0   0.005911778080945885   0   4.484690947419311   
0.267185798527   0.3   0   0.006366530241018645   1   5.051637656933152   
0.210684446512   0.0   0   0.0068212824010914054   2   5.051637656933152   
0.38850932359   0.2   0   0.008185538881309686   0   5.051637656933152   
0.299120429332   0.1   0   0.005457025920873124   0   5.051637656933152   
0.283540786579   0.3   0   0.004547521600727604   0   5.722458050183088   
0.101366352065   0.1   0   0.002728512960436562   0   5.722458050183088   
0   0.0   0   0.0   0   5.722458050183088   
0   0.0   0   0.0   0   5.722458050183088   
0.0828107206979   0.1   0   0.0031832651205093224   0   5.722458050183088   
0.0477942597788   0.0   0   0.001364256480218281   0   5.722458050183088   
0.0923606656996   0.0   0   0.0031832651205093224   0   5.722458050183088   
0.444018299706   0.3   0   0.0068212824010914054   0   6.270180607688254   
0.363585759673   0.1   0   0.009095043201455207   1   6.270180607688254   
0.1984966491   0.1   0   0.0050022737608003635   0   6.270180607688254   
0.296670021348   0.1   0   0.007730786721236926   0   6.270180607688254   
0.116311528088   0.1   1   0.0036380172805820826   0   0   
