0.154449886141   0.0   1   0.006366530241018645   0   1.0   
0.191287367871   0.2   0   0.0031832651205093224   0   1.7071067811865475   
0.142018809336   0.2   0   0.005457025920873124   1   1.5587818602971264   
0.169081925556   0.2   0   0.0036380172805820826   0   2.1711542959929204   
0.349154382817   0.5   0   0.008185538881309686   0   2.5794025864567836   
0.0816176568484   0.0   0   0.0031832651205093224   0   2.5794025864567836   
0.151178358052   0.0   0   0.0068212824010914054   0   3.026616181956742   
0.304942744636   0.2   0   0.005911778080945885   0   3.6974365752066785   
0.223025868016   0.2   0   0.004092769440654843   0   3.986111709801491   
0.348031719484   0.1   0   0.0036380172805820826   0   3.986111709801491   
0.128065816017   0.3   0   0.0050022737608003635   0   4.2472281937350385   
0.537594281158   0.2   0   0.007276034561164165   0   4.451352338966969   
0.318226942677   0.3   0   0.0068212824010914054   0   4.8985659344669275   
0.221661916004   0.2   0   0.005457025920873124   0   5.6485659344669275   
0.183175528194   0.1   0   0.0018190086402910413   0   5.6485659344669275   
0.20901330501   0.0   0   0.006366530241018645   0   5.6485659344669275   
0.174467417443   0.1   0   0.002728512960436562   0   5.6485659344669275   
0.286291652663   0.2   0   0.005911778080945885   0   5.6485659344669275   
0.0605852802998   0.1   0   0.0018190086402910413   0   6.081578636359147   
0.139611862976   0.1   0   0.004547521600727604   0   6.35543991511173   
0.0950805463545   0.0   0   0.002273760800363802   0   6.35543991511173   
0.447615657635   0.5   0   0.009095043201455207   0   6.5322166104083665   
0.266300248907   0.0   0   0.007276034561164165   0   6.5322166104083665   
0.244645592971   0.2   0   0.0050022737608003635   0   6.793333094341913   
0.0627143633469   0.0   0   0.002273760800363802   0   6.793333094341913   
0.266966174264   0.2   0   0.005911778080945885   0   7.033525325049544   
0.267364595241   0.3   0   0.0050022737608003635   0   7.033525325049544   
0.180497509325   0.2   0   0.004092769440654843   0   7.610875594239169   
0.235203198464   0.2   0   0.004547521600727604   0   7.884736872991752   
0.379453999729   0.3   0   0.005457025920873124   0   8.134736872991752   
0.144051197681   0.1   0   0.004547521600727604   1   8.134736872991752   
0.265844832059   0.2   0   0.005457025920873124   0   8.134736872991752   
0.0353382932561   0.0   0   0.0018190086402910413   0   8.134736872991752   
0.354387241416   0.2   0   0.0068212824010914054   0   8.134736872991752   
0.228843205392   0.3   0   0.004092769440654843   0   8.134736872991752   
0.442712784267   0.3   0   0.007276034561164165   1   8.328386040302123   
0.186976115019   0.2   0   0.002728512960436562   0   8.681939430895396   
0.213981083001   0.1   0   0.002728512960436562   0   8.681939430895396   
0.247464472151   0.1   0   0.008640291041382447   0   9.07929913801491   
0.309008832946   0.1   0   0.007730786721236926   0   9.07929913801491   
0.252740126128   0.3   0   0.005911778080945885   0   9.07929913801491   
0.259193225797   0.3   0   0.006366530241018645   0   9.542209187901186   
0.1621390313   0.0   0   0.005457025920873124   0   9.542209187901186   
0.232475763836   0.3   0   0.007730786721236926   0   9.752251200505386   
0.215080137419   0.3   0   0.0031832651205093224   0   10.079578035859376   
0.166150688386   0.4   1   0.005911778080945885   1   0   
