0.00556318803704   0.0   1   0.00045475216007276033   0   0   
0.134502083881   0.1   0   0.004547521600727604   0   0   
0.0626541480513   0.0   0   0.0036380172805820826   0   0   
0.0658793460199   0.0   0   0.004547521600727604   0   0   
0.172745400708   0.2   0   0.006366530241018645   0   0   
0.122291744797   0.0   0   0.0068212824010914054   0   0   
0.0164433665433   0.1   0   0.001364256480218281   0   1.0   
0.17080524231   0.3   0   0.005457025920873124   0   1.5   
0.0166011568404   0.0   0   0.0009095043201455207   0   1.5   
0.0469541124031   0.0   0   0.0018190086402910413   0   1.5   
0.307901273527   0.2   0   0.007276034561164165   0   2.3660254037844384   
0.144801885047   0.0   0   0.005911778080945885   1   2.8464098651997   
0.600941531637   0.5   0   0.01182355616189177   0   3.1860929754430782   
0.25044766606   0.3   0   0.002728512960436562   0   3.798465411138873   
0.454921343189   0.3   0   0.010914051841746248   4   3.798465411138873   
0.125709672712   0.1   0   0.004092769440654843   1   3.798465411138873   
0.329595744888   0.2   0   0.005911778080945885   0   3.798465411138873   
0.0196624995955   0.0   0   0.001364256480218281   0   3.798465411138873   
0.0823876794529   0.2   0   0.0031832651205093224   0   4.45311908184685   
0.141099436196   0.1   0   0.004547521600727604   0   4.45311908184685   
0.191079525145   0.2   0   0.005911778080945885   0   4.45311908184685   
0.0506061915569   0.2   0   0.0018190086402910413   0   5.319144485631289   
0.377656138784   0.2   0   0.008640291041382447   1   5.319144485631289   
0.162595645748   0.1   0   0.005457025920873124   0   5.319144485631289   
0.188691655673   0.2   0   0.0036380172805820826   0   5.319144485631289   
0.198423200426   0.1   0   0.006366530241018645   0   5.319144485631289   
0.179057019955   0.2   0   0.005457025920873124   0   5.319144485631289   
0.127157865239   0.2   0   0.004547521600727604   0   5.319144485631289   
0.259415420299   0.2   0   0.007276034561164165   0   5.319144485631289   
0.28642860942   0.3   0   0.005457025920873124   1   5.319144485631289   
0.364046102704   0.3   0   0.004092769440654843   0   5.319144485631289   
0.411487897142   0.3   0   0.007730786721236926   0   5.319144485631289   
0.106623144233   0.0   0   0.0050022737608003635   0   5.319144485631289   
0.503669033626   0.3   0   0.0050022737608003635   0   5.319144485631289   
0.478884116275   0.3   0   0.01182355616189177   1   5.319144485631289   
0.263547638896   0.2   0   0.0031832651205093224   0   5.319144485631289   
0.470598506361   0.3   0   0.0068212824010914054   0   5.319144485631289   
0.0951887125527   0.1   0   0.0018190086402910413   0   5.319144485631289   
0.195140878595   0.1   0   0.0031832651205093224   0   5.319144485631289   
0.16779831888   0.1   0   0.0009095043201455207   0   5.319144485631289   
0.16779831888   0.1   0   0.0009095043201455207   0   5.319144485631289   
0.164688775719   0.1   0   0.0009095043201455207   0   5.319144485631289   
0.0761923606405   0.0   0   0.0031832651205093224   0   5.319144485631289   
0.175337069492   0.1   0   0.0018190086402910413   0   5.319144485631289   
0.180556269676   0.1   0   0.001364256480218281   0   5.319144485631289   
0.00831520054212   0.0   0   0.0009095043201455207   0   5.319144485631289   
0.26961166146   0.3   0   0.0031832651205093224   0   5.9737981563392655   
0.295781450615   0.2   0   0.004092769440654843   0   5.9737981563392655   
0.0156727084946   0.0   0   0.001364256480218281   0   5.9737981563392655   
0.262049694643   0.2   0   0.006366530241018645   0   5.9737981563392655   
0.231565130777   0.2   0   0.007730786721236926   0   5.9737981563392655   
0.562738045649   0.3   0   0.007730786721236926   0   5.9737981563392655   
0.315887102952   0.3   0   0.006366530241018645   0   5.9737981563392655   
0.106246192272   0.0   0   0.005911778080945885   0   5.9737981563392655   
0.0553839811442   0.0   0   0.004092769440654843   0   5.9737981563392655   
0.0210217566652   0.0   0   0.001364256480218281   0   5.9737981563392655   
0.365205119568   0.1   0   0.004092769440654843   0   5.9737981563392655   
0.0760383935896   0.1   0   0.0036380172805820826   0   6.58617059203506   
0.498120147931   0.3   0   0.007730786721236926   0   6.983530299154573   
0.0592652355728   0.1   0   0.0068212824010914054   1   6.983530299154573   
0.0753744825363   0.1   0   0.0036380172805820826   0   7.595902734850369   
0.371091687572   0.3   0   0.009095043201455207   1   7.595902734850369   
0.249529497521   0.2   0   0.008185538881309686   1   7.595902734850369   
0.432223183886   0.4   0   0.0050022737608003635   0   8.07628719626563   
0.0141571794657   0.0   0   0.0009095043201455207   0   8.07628719626563   
0.59888142294   0.2   0   0.006366530241018645   0   8.07628719626563   
0.0309604532117   0.0   0   0.002273760800363802   0   8.07628719626563   
0.420538253618   0.3   0   0.0036380172805820826   0   8.07628719626563   
0.431696876299   0.3   0   0.004547521600727604   0   8.07628719626563   
0.0788309014817   0.2   0   0.002273760800363802   0   8.850883865507114   
0.13061175462   0.2   0   0.0050022737608003635   1   9.373116833374208   
0.233508241701   0.2   0   0.005911778080945885   0   9.373116833374208   
0.299630684514   0.3   0   0.005911778080945885   0   9.373116833374208   
0.457050668867   0.3   0   0.006366530241018645   2   9.806129535266427   
0.232210492955   0.2   0   0.002728512960436562   0   9.806129535266427   
0.326311954004   0.4   0   0.009095043201455207   2   9.439772529075457   
0.251843489082   0.2   0   0.004547521600727604   0   9.439772529075457   
0.300560093297   0.3   0   0.006366530241018645   0   9.838182065520254   
0.179390242479   0.1   0   0.001364256480218281   0   9.838182065520254   
0.327237199238   0.3   0   0.0068212824010914054   0   9.838182065520254   
0.133553925715   0.2   0   0.0036380172805820826   0   9.838182065520254   
0.306142696754   0.2   0   0.007276034561164165   3   9.838182065520254   
0.109190585963   0.0   0   0.006366530241018645   0   9.838182065520254   
0.299077038825   0.4   0   0.0050022737608003635   0   10.28764864049575   
0.0762111929976   0.1   0   0.0018190086402910413   0   11.033004632995679   
0.0797206217003   0.0   0   0.002273760800363802   0   11.033004632995679   
0.0942697714409   0.1   0   0.0036380172805820826   0   11.033004632995679   
0.116899112239   0.1   0   0.004092769440654843   0   11.033004632995679   
0.216515735028   0.1   0   0.010004547521600727   2   11.350825496077544   
0.179201610766   0.0   0   0.0068212824010914054   0   11.735725675537294   
0.115288239912   0.1   0   0.006366530241018645   2   11.735725675537294   
0.146490469472   0.0   0   0.008640291041382447   0   11.735725675537294   
0.139334363877   0.0   0   0.005911778080945885   0   11.735725675537294   
0.0381930247564   0.1   0   0.002273760800363802   0   12.402392342203962   
0.183388178352   0.2   0   0.007730786721236926   1   12.402392342203962   
0.0876252620901   0.0   0   0.0050022737608003635   1   12.402392342203962   
0.187261831832   0.0   0   0.0068212824010914054   0   12.402392342203962   
0.0932994827494   0.1   0   0.005457025920873124   1   12.402392342203962   
0.0631797064136   0.1   0   0.0031832651205093224   0   12.402392342203962   
0.0408798535586   0.0   0   0.002728512960436562   1   12.402392342203962   
0.0785781533858   0.1   0   0.005457025920873124   1   12.402392342203962   
0.104177496272   0.0   0   0.0068212824010914054   1   12.402392342203962   
0.0464360564302   0.0   0   0.0018190086402910413   0   12.402392342203962   
0.14985338379   0.0   0   0.007730786721236926   1   12.402392342203962   
0.0885849944168   0.2   1   0.002728512960436562   0   0   
