0.386632982964   0.3   1   0.0050022737608003635   0   0   
0.269950997068   0.2   0   0.01318781264211005   1   0   
0.397975532183   0.5   0   0.006366530241018645   0   0   
0.781543359735   0.7   0   0.011368804001819008   2   0   
0.815220624375   0.3   0   0.009095043201455207   0   0   
0.52513598296   0.4   0   0.010004547521600727   0   0   
0.283048154395   0.3   0   0.004547521600727604   0   0   
0.490962913449   0.5   0   0.009549795361527967   0   0   
0.0140780787282   0.0   0   0.00045475216007276033   0   0   
0.418907404559   0.3   0   0.010459299681673489   0   0   
0.267185810232   0.3   0   0.007730786721236926   0   0   
0.325557350508   0.3   0   0.009549795361527967   1   0   
0.351532831305   0.2   0   0.008640291041382447   2   0   
0.480274142133   0.4   0   0.007276034561164165   0   0   
0.0151891546727   0.0   0   0.0018190086402910413   0   0   
0.459761577372   0.4   0   0.005457025920873124   0   0   
0.0667188955331   0.0   0   0.002728512960436562   0   0   
0.0360605550672   0.0   0   0.0009095043201455207   0   0   
0.0753394272993   0.1   0   0.0036380172805820826   0   0   
0.32931218326   0.3   0   0.009095043201455207   0   0   
0.078474691967   0.0   0   0.004092769440654843   0   0   
0.041998861602   0.1   0   0.0018190086402910413   0   0   
0.184328718481   0.2   0   0.0031832651205093224   0   0   
0.312711113719   0.2   0   0.0068212824010914054   1   0   
0.290006505005   0.3   0   0.0031832651205093224   0   0   
0.154711547362   0.0   0   0.008185538881309686   0   0   
0.0906181143771   0.0   0   0.004092769440654843   0   0   
0.267861105028   0.3   0   0.004547521600727604   1   0   
0.420092180171   0.3   0   0.009549795361527967   0   0   
0.223262535131   0.2   0   0.001364256480218281   0   0   
0.0768714546104   0.1   0   0.0031832651205093224   0   0   
0.440699765263   0.2   0   0.006366530241018645   1   0   
0.230031032717   0.3   0   0.0068212824010914054   0   0   
0.0392516111006   0.0   0   0.0018190086402910413   0   0   
0.309116336735   0.3   0   0.0031832651205093224   0   0   
0.238302276422   0.1   0   0.0050022737608003635   0   0   
0.475581849877   0.4   0   0.006366530241018645   0   0   
0.615797145028   0.6   0   0.008185538881309686   0   0   
0.247230072451   0.2   0   0.0036380172805820826   0   0   
0.438144058327   0.6   0   0.007276034561164165   0   0   
0.347154405538   0.4   0   0.004092769440654843   0   0   
0.264914314885   0.3   0   0.008640291041382447   0   0   
0.0488020949857   0.1   0   0.002273760800363802   0   0   
0.466384710181   0.4   0   0.006366530241018645   0   0   
0.246016445952   0.3   0   0.002273760800363802   0   0   
0.0341033360657   0.0   0   0.0018190086402910413   0   0   
0.548454363916   0.4   0   0.005457025920873124   0   0   
0.263767590739   0.3   0   0.008185538881309686   0   0   
0.331644150316   0.3   0   0.004547521600727604   0   0   
0.37591186043   0.4   0   0.002728512960436562   0   0   
0.0590327069449   0.0   0   0.0031832651205093224   0   0   
0.383761594778   0.4   0   0.0068212824010914054   0   0   
0.526399615579   0.5   0   0.009549795361527967   0   0   
0.251446488571   0.2   0   0.0031832651205093224   0   0   
0.609098592696   0.4   0   0.01182355616189177   2   0   
0.309292951134   0.3   0   0.005457025920873124   0   0   
0.0792988352301   0.1   0   0.0036380172805820826   0   0   
0.271313363612   0.2   0   0.0036380172805820826   0   0   
0.31627055209   0.2   0   0.0068212824010914054   0   0   
0.988914691547   0.3   0   0.009549795361527967   0   0   
0.59355419703   0.2   0   0.005911778080945885   0   0   
0.264499760354   0.2   0   0.0031832651205093224   0   0   
0.347984111971   0.2   0   0.008185538881309686   0   0   
0.0332132241647   0.0   0   0.002728512960436562   0   0   
0.00331849278963   0.0   1   0.00045475216007276033   0   0   
